5460038	
5210790	
5989288	
6476461	
7605371	
9344163	
11251506	
13048040	
11255427	
11422841	
10971406	
11670585	
13381070	
13618971	
12678062	
13735558	
17054963	
19959436	
18581940	
15784483	
13490909	
12581771	
13987294	
19320722	
24535016	
28073034	
32971787	
40578069	
49400389	
55335947	
61486101	
59829026	
30201736	
25918449	
25624097	
23924673	
24361892	
22384313	
20511341	
16809140	
11547062	
49797470	
10648113	
8439890	
34327523	
23974098	
31117729	
22769892	
14623466	
13642169	
10527272	
9181699	
9456227	
7622394	
7134849	
8267649	
8028915	
6209429	
3366518	
1513746	
1516218	
1212846	
919966	
984305	
1358520	
1756374	
2177606	
2823714	
2228728	
1387337	
1422476	
2073833	
2834397	
4663509	
7760825	
10313138	
10816482	
9980702	
8285037	
7411034	
6985881	
5117861	
3640492	
2911707	
2580773	
2852094	
3239141	
3070744	
2635674	
2898290	
3411075	
3565825	
3091609	
2814066	
2614018	
2384481	
2238905	
2180482	
2067726	
2264525	
2489060	
2625315	
2294789	
2000601	
2471765	
1908568	
1530402	
1670701	
1977698	
2497809	
3000371	
3643469	
4304702	
4750416	
4481297	
4010699	
4140498	
4281538	
4224489	
4196216	
4419476	
4747302	
4890755	
4439753	
3502982	
2853941	
2437130	
2035545	
1917641	
2217269	
2328350	
2607925	
3398709	
4749069	
5765410	
5936621	
5321742	
4531842	
3435374	
2752286	
2774349	
2961257	
3737270	
4284794	
4733102	
4854520	
4688018	
4825821	
5399411	
6139481	
5750034	
4877185	
4425113	
3913769	
3867764	
4772917	
6340022	
7914389	
8779949	
9008795	
8518558	
6805720	
4572902	
3516401	
3331411	
3610469	
4329085	
5297586	
6657374	
7461313	
6983789	
5805226	
4339882	
3613209	
3782478	
4856006	
6823374	
8368121	
9036613	
8617221	
7468826	
5746699	
4700771	
4655395	
4743626	
5450414	
6444782	
5820413	
4756937	
4014371	
3509304	
3224411	
3112507	
3110717	
3951978	
5136826	
7594745	
8863854	
8218069	
6820958	
