1755, 64, -570, 187, 611, 357
1753, 75, -563, 248, 706, 363
1746, 73, -537, 256, 786, 382
1742, 68, -505, 219, 840, 400
1737, 63, -468, 155, 871, 423
1744, 42, -437, 73, 894, 441
1754, 20, -420, 82, 919, 458
1784, 6, -374, 124, 959, 465
1805, -18, -351, 149, 984, 465
1834, -13, -321, 413, 1036, 457
1875, 18, -226, 441, 1057, 444
1893, 20, -182, 360, 990, 431
1886, 24, -173, 369, 916, 418
1868, 19, -224, 391, 851, 410
1855, 11, -267, 415, 837, 394
1833, -13, -279, 450, 858, 394
1812, -34, -274, 528, 890, 396
1804, -52, -240, 565, 909, 392
1799, -74, -221, 518, 905, 383
1804, -84, -194, 508, 919, 378
1798, -84, -129, 549, 929, 365
1784, -105, -78, 552, 908, 355
1770, -124, -42, 572, 852, 333
1791, -131, -14, 617, 787, 312
1808, -124, -2, 527, 710, 293
1831, -134, -17, 318, 622, 256
1855, -147, -41, 178, 550, 220
1863, -157, -54, 158, 518, 181
1863, -152, -42, 221, 503, 142
1851, -156, -3, 288, 482, 114
1839, -171, 18, 259, 400, 72
1845, -168, -7, 94, 301, 23
1834, -160, -42, -84, 225, -17
1809, -139, -71, -127, 179, -50
1790, -107, -70, -159, 143, -75
1766, -85, -88, -246, 111, -90
1736, -67, -96, -204, 90, -93
1715, -57, -114, -140, 66, -91
1709, -51, -119, -148, 63, -88
1700, -64, -121, -141, 39, -86
1713, -89, -124, -51, 28, -80
1701, -103, -119, 131, 48, -80
1693, -121, -100, 257, 57, -89
1683, -146, -77, 338, 48, -84
1707, -189, -41, 365, 6, -88
1753, -271, -55, 295, -59, -98
1833, -369, -69, 511, -66, -111
1925, -465, -84, 947, -38, -140
2008, -639, -92, 1658, 61, -194
2126, -807, 23, 2727, 219, -248
2249, -1053, 218, 3224, 270, -351
2351, -1420, 376, 3877, 226, -502
2383, -1818, 518, 4665, 129, -705
2414, -2401, 535, 4615, -67, -1042
2378, -3202, 595, 4481, -172, -1555
2166, -4203, 713, 5263, -194, -2214
1767, -4968, 938, 5793, -274, -3026
1422, -6028, 1370, 2999, -577, -3998
-323, -8552, 1606, 427, -1195, -6419
-799, -8830, 1877, 4371, -991, -7860
-1037, -9611, 3076, 4500, -1502, -9458
-1624, -10820, 2424, -217, -3863, -11454
-2456, -12175, 997, -5978, -5351, -13944
-3832, -12198, -398, -5660, -5404, -16539
-5539, -11831, -1078, -7257, -4388, -19169
-7094, -11226, -1037, -7759, -3070, -21582
-8306, -11018, -830, -7263, -1743, -23738
-8949, -10950, 125, -6694, -470, -25956
-9503, -11236, 1009, -6250, 198, -28345
-10521, -10584, 2858, -2285, 562, -30981
-12087, -8682, 3753, -2480, -1114, -32768
-13736, -5151, 3595, -4012, -3215, -32768
-15310, -705, 1946, -5912, -5140, -32732
-16985, 4262, 308, 342, -5323, -32768
-17150, 10817, -2062, 7783, -6687, -32768
-15861, 11893, -4031, -9384, -4826, -32767
-15203, 14155, -2067, -7160, -482, -32662
-14020, 16302, 346, -4420, 671, -30412
-12295, 17386, 1891, -6105, -73, -26572
-10312, 18546, 1987, -6056, -1893, -22913
-8103, 18978, 177, -5008, -3637, -19269
-5550, 18527, -2649, -2701, -3520, -15686
-3628, 17614, -2779, 772, -683, -12330
-2681, 16420, -846, 1920, 1121, -9094
-2105, 14975, 510, 1380, 1043, -6067
-1573, 13487, 1644, 1404, -1, -3319
-913, 11606, 808, 471, -1980, -970
-235, 9811, -681, 410, -2769, 791
383, 8122, -1812, 619, -2248, 2005
687, 6701, -1828, 2044, -842, 2819
445, 5700, -1066, 4124, 10, 3481
78, 4732, -892, 3495, -72, 3942
-97, 4038, -836, 1670, -397, 4221
-82, 3252, -1532, -314, -895, 4367
65, 2392, -2370, -993, -746, 4381
284, 1529, -3085, -446, -48, 4305
401, 886, -3222, -170, 1208, 4074
207, 752, -2664, 404, 2471, 3742
-83, 941, -1803, 960, 3368, 3416
-386, 1187, -893, 712, 3715, 3172
-523, 1142, -169, -107, 3518, 3008
-455, 863, 19, -621, 2959, 2824
-270, 460, -159, -693, 2441, 2559
-35, 15, -719, -1213, 2201, 2178
75, 26, -1152, -1675, 2576, 1691
-42, 492, -880, -1459, 3345, 1261
-255, 1110, -26, -1298, 4098, 958
-465, 1683, 1207, -1024, 4234, 819
-522, 1987, 2195, -743, 3610, 831
-398, 1957, 2492, -249, 2492, 909
-216, 1691, 2278, 180, 1430, 935
-41, 1475, 1736, -67, 463, 841
-3, 1554, 773, -884, -154, 666
-41, 1795, 193, -994, 0, 522
-88, 1939, 94, -907, 455, 458
-154, 2006, 607, -458, 909, 454
-204, 2004, 1282, 303, 859, 481
-187, 1845, 1604, 622, 217, 478
-125, 1662, 1494, 577, -621, 412
-99, 1644, 1056, 340, -1280, 309
-111, 1776, 283, -168, -1572, 183
-129, 1882, -313, -423, -1447, 101
-174, 1968, -474, -360, -1102, 70
-270, 2142, -415, 218, -514, 71
-295, 2169, -349, 403, -493, 110
-286, 2200, -425, 422, -590, 155
-271, 2230, -636, 53, -663, 200
-238, 2206, -875, -369, -615, 239
-184, 2130, -1089, -603, -394, 275
-154, 2060, -1068, -588, 61, 291
-162, 2035, -716, -443, 491, 294
-183, 2041, -349, -336, 632, 294
-205, 2097, -114, -126, 557, 296
-201, 2127, -83, -22, 311, 302
-159, 2093, -233, -116, 97, 308
-111, 2051, -441, -402, 27, 299
-55, 1984, -626, -740, 140, 288
-17, 1911, -570, -753, 467, 277
-29, 1877, -201, -598, 795, 252
-91, 1928, 253, -398, 836, 219
-140, 2016, 581, -243, 536, 199
-149, 2108, 555, -239, 61, 204
-112, 2172, 275, -332, -328, 238
-71, 2182, -45, -316, -440, 279
-41, 2149, -179, -401, -348, 314
-55, 2133, -128, -447, -168, 337
-98, 2111, 77, -394, -85, 355
-122, 2060, 227, -382, -201, 369
-117, 2031, 249, -312, -444, 355
-78, 2022, 1, -370, -688, 327
-60, 2024, -194, -440, -706, 305
-35, 2011, -250, -384, -587, 286
-54, 2039, -212, -303, -440, 265
-122, 2089, -41, -250, -362, 250
-189, 2154, 91, -183, -446, 257
-188, 2179, 22, 36, -615, 285
-155, 2142, -97, 240, -706, 321
-109, 2060, -183, 236, -752, 343
-52, 2001, -333, 181, -745, 334
-32, 2023, -370, -53, -631, 312
-40, 2074, -353, -204, -525, 307
-79, 2127, -288, -123, -436, 321
-118, 2171, -262, 0, -443, 358
-137, 2192, -336, 170, -477, 402
-129, 2155, -413, 272, -462, 449
-75, 2080, -545, 233, -406, 480
-20, 1988, -615, 44, -261, 484
26, 1885, -590, -65, -66, 466
16, 1830, -404, -118, 141, 419
-16, 1827, -242, -195, 153, 354
-56, 1888, -175, -171, 66, 293
-77, 1950, -234, -129, -53, 254
-47, 1974, -363, -42, -91, 237
-2, 1946, -419, 22, 11, 221
27, 1900, -419, -103, 168, 196
8, 1911, -241, -210, 313, 155
-26, 1932, -130, -364, 273, 118
-60, 1950, -63, -344, 197, 88
-82, 1986, -63, -424, 57, 54
-61, 2045, -204, -411, -68, 34
-38, 2095, -331, -299, -28, 28
-16, 2108, -357, -231, 121, 38
-13, 2116, -272, -144, 295, 55
-49, 2156, -42, -91, 396, 82
-104, 2201, 135, -102, 303, 104
-151, 2262, 256, -60, 109, 137
-148, 2291, 98, -137, -197, 188
-57, 2251, -395, -144, -306, 313
4, 2214, -432, -46, -29, 364
7, 2192, -252, 51, 273, 399
-45, 2204, 140, 93, 437, 425
-108, 2217, 529, 140, 263, 451
-129, 2195, 576, 158, -157, 485
-99, 2156, 418, 217, -556, 518
-36, 2082, 65, 204, -822, 541
30, 2033, -225, 252, -828, 551
68, 1997, -328, 254, -645, 546
62, 1977, -270, 221, -444, 534
14, 1999, -94, 296, -338, 511
