1546, -297, -662, 349, 540, 206
1562, -307, -648, 315, 529, 231
1567, -310, -626, 279, 524, 253
1567, -321, -600, 333, 508, 275
1565, -328, -565, 335, 476, 298
1559, -329, -564, 291, 419, 310
1548, -339, -595, 259, 367, 325
1548, -347, -641, 302, 349, 346
1552, -361, -656, 374, 372, 368
1551, -368, -636, 447, 398, 385
1547, -385, -567, 594, 384, 423
1563, -400, -572, 497, 327, 429
1582, -422, -581, 332, 284, 428
1596, -445, -582, 168, 246, 414
1597, -455, -613, 112, 216, 400
1596, -455, -604, 135, 219, 389
1589, -465, -601, 108, 198, 381
1577, -485, -598, 121, 181, 367
1573, -487, -600, 125, 170, 352
1568, -489, -596, 159, 164, 342
1564, -499, -580, 252, 155, 339
1561, -509, -582, 262, 127, 322
1561, -509, -597, 241, 101, 304
1563, -509, -619, 210, 79, 291
1555, -520, -626, 188, 82, 278
1549, -532, -616, 166, 87, 269
1560, -535, -592, 132, 76, 248
1570, -536, -573, 113, 50, 230
1559, -546, -561, 93, 11, 211
1556, -561, -586, 43, -33, 192
1565, -575, -631, 48, -60, 166
1568, -581, -658, 82, -49, 145
1572, -587, -646, 111, -29, 118
1570, -590, -629, 159, -31, 82
1577, -610, -621, 190, -41, 54
1586, -625, -601, 160, -73, 18
1601, -645, -635, 72, -129, -20
1626, -673, -700, -89, -180, -65
1619, -722, -735, -34, -172, -114
1612, -745, -731, 201, -148, -175
1626, -755, -740, 256, -104, -254
1643, -748, -691, 322, -91, -336
1657, -785, -727, 387, -142, -403
1675, -838, -764, 498, -149, -488
1706, -894, -812, 548, -149, -582
1705, -938, -847, 551, -131, -694
1689, -975, -864, 482, -93, -806
1667, -1008, -862, 423, -77, -923
1636, -1047, -895, 379, -64, -1046
1616, -1083, -945, 175, -53, -1181
1583, -1136, -975, -42, 3, -1318
1552, -1192, -958, -19, 94, -1467
1516, -1224, -948, -1, 166, -1640
1475, -1252, -922, -69, 226, -1826
1448, -1287, -865, -100, 290, -2024
1413, -1333, -860, -107, 291, -2234
1376, -1357, -881, -165, 306, -2456
1344, -1390, -917, -271, 350, -2689
1290, -1431, -966, -256, 427, -2924
1179, -1517, -966, 40, 595, -3155
1054, -1621, -872, 312, 740, -3397
914, -1818, -836, -44, 754, -3680
703, -2129, -832, -445, 755, -4012
426, -2463, -933, -1009, 756, -4405
-40, -3017, -1087, -1596, 904, -4862
-708, -3796, -1064, -536, 1414, -5361
-1656, -4578, -739, 1178, 1854, -5926
-2705, -5502, -757, 1080, 1822, -6631
-3560, -6835, -837, -156, 1846, -7580
-4184, -7833, -838, -588, 1905, -8734
-4554, -8486, -822, -4364, 1678, -10127
-5272, -9770, -1006, -12101, 1190, -11852
-6200, -10755, -1446, -19000, 931, -13939
-6009, -10837, -2603, -21680, 1184, -16281
-5299, -10011, -4206, -23244, 2905, -18586
-4015, -10944, -2611, -24435, 8877, -22595
-3767, -10565, -2595, -2852, 12353, -25935
-6485, -7784, -1873, 12529, 15071, -29292
-7917, -6445, 1132, 16756, 16629, -32035
-8216, -3175, 5833, 23003, 15270, -32768
-7947, 537, 6362, 17668, 9505, -32765
-11529, 1455, 8121, 16379, 4876, -32747
-13694, 4042, 2212, 24913, -2686, -32768
-14497, 7778, -358, 6042, -4597, -32768
-15048, 10520, -1791, -839, -3480, -32767
-14463, 14126, -1208, 1959, -2645, -32653
-12598, 14708, -3381, -5212, -3032, -30219
-10615, 15313, -3897, -6767, -824, -26143
-8760, 15725, -3234, -8138, 1199, -22534
-7474, 15920, -2114, -9557, 2867, -19339
-6075, 16845, -285, -8759, 3549, -16266
-4747, 17407, -72, -8128, 2587, -13125
-3591, 17033, -1144, -6722, 2042, -9813
-2488, 15647, -1263, -5863, 2854, -6528
-1676, 13554, -395, -5890, 3555, -3523
-1097, 11275, 149, -5314, 3474, -1003
-830, 9709, 361, -3778, 3352, 909
-734, 8730, 891, -1223, 3553, 2461
-338, 7454, 1649, 783, 3610, 3756
-18, 6141, 2724, 743, 3273, 4649
245, 4967, 3841, -1436, 2118, 5189
590, 3867, 3958, -2996, 46, 5533
909, 2806, 2605, -2946, -1963, 5739
1198, 1658, 857, -2478, -2658, 5685
1235, 733, -277, -1662, -2226, 5385
1202, 205, -800, -201, -1469, 4995
1045, 137, -605, 1713, -575, 4544
730, 103, -83, 2144, -30, 4042
459, -14, 444, 1614, -76, 3547
242, -143, 576, 766, -547, 3003
86, -195, 266, 504, -1117, 2450
6, -62, -517, -66, -1539, 1899
-72, 220, -1282, -208, -1419, 1399
-139, 619, -2063, -58, -848, 995
-284, 1117, -2106, 341, 303, 694
-434, 1459, -1569, 854, 1380, 549
-509, 1595, -636, 1223, 2049, 479
-515, 1601, 211, 752, 1954, 450
-431, 1509, 423, -69, 1256, 406
-280, 1416, -10, -831, 601, 323
-113, 1400, -566, -1529, 421, 185
-22, 1563, -908, -1614, 824, 30
-42, 1737, -612, -1398, 1508, -78
-129, 1876, -32, -1055, 1933, -144
-187, 2032, 600, -313, 1930, -173
-200, 2124, 783, 201, 1491, -144
-157, 2205, 658, 90, 1048, -109
-69, 2212, 488, -403, 826, -42
-14, 2183, 529, -737, 817, 18
-4, 2181, 662, -1046, 750, 58
-23, 2243, 861, -1030, 565, 93
-33, 2257, 812, -577, 255, 142
-39, 2276, 692, -197, 45, 198
-42, 2254, 559, 182, -109, 266
-34, 2221, 468, 407, -210, 315
-10, 2131, 321, 288, -347, 352
25, 2027, 130, 52, -412, 361
62, 1915, 72, -47, -362, 344
62, 1856, 118, 1, -320, 298
61, 1777, 128, -37, -376, 246
26, 1790, -46, 185, -500, 91
14, 1856, -204, 217, -518, 31
4, 1890, -324, 138, -397, -6
15, 1896, -319, -86, -223, -34
23, 1894, -162, -210, -47, -71
17, 1881, 1, -197, -15, -115
11, 1905, 68, -120, -99, -166
33, 1914, 48, -185, -217, -212
59, 1912, -57, -251, -261, -266
49, 1943, -98, -166, -196, -315
6, 2043, -63, -180, -92, -352
-37, 2169, -32, -188, -28, -352
-85, 2267, 20, -192, 17, -314
-91, 2308, 71, -152, 19, -252
-67, 2320, 154, -97, -14, -189
-59, 2314, 172, -62, -126, -131
-25, 2266, 115, 33, -256, -76
16, 2217, -39, 100, -372, -39
23, 2193, -203, 162, -373, -13
3, 2251, -277, 107, -252, 12
-35, 2278, -236, 15, -104, 56
-62, 2277, -131, -1, 12, 117
-52, 2227, -61, -12, 6, 171
-12, 2144, -32, -96, -52, 204
43, 2023, -76, -27, -101, 217
93, 1909, -97, 139, -98, 202
122, 1849, -148, 138, -116, 139
113, 1857, -228, 71, -85, 61
78, 1913, -257, 69, 23, 5
41, 1944, -196, 37, 146, -36
25, 1929, -126, 2, 178, -65
32, 1915, -123, -2, 179, -98
32, 1917, -102, -78, 195, -137
48, 1890, -126, -124, 193, -166
63, 1860, -129, -95, 224, -207
62, 1868, -136, -108, 240, -263
45, 1925, -153, -145, 261, -306
2, 2030, -142, -87, 303, -340
-28, 2127, -160, -20, 325, -340
-43, 2193, -148, 34, 382, -323
-38, 2207, -139, 53, 412, -289
-35, 2205, -122, 7, 443, -246
-23, 2199, -88, -57, 459, -204
-1, 2190, -45, -76, 458, -174
3, 2208, -72, -100, 423, -145
2, 2254, -83, -140, 439, -114
2, 2279, -39, -209, 475, -73
-13, 2303, 71, -157, 503, -25
-12, 2290, 139, -160, 438, 26
-2, 2258, 138, -103, 373, 65
6, 2222, 108, -77, 305, 104
22, 2162, 47, -177, 246, 134
29, 2134, 5, -163, 256, 146
40, 2134, 8, -139, 285, 153
34, 2155, 40, -121, 310, 155
20, 2201, 116, -22, 317, 173
8, 2216, 135, 70, 257, 208
21, 2207, 97, 96, 196, 237
37, 2166, 85, 111, 195, 273
