1478, 116, -892, -35, -559, 89
1471, 113, -887, -31, -564, 98
1462, 97, -898, 85, -580, 111
1460, 70, -928, 261, -588, 129
1479, 48, -983, 401, -583, 133
1506, 17, -1000, 378, -564, 132
1511, -24, -1014, 324, -539, 130
1496, -84, -993, 341, -507, 116
1465, -151, -991, 360, -516, 88
1459, -198, -1007, 438, -526, 49
1470, -245, -1013, 536, -506, 1
1474, -314, -1036, 620, -513, -55
1481, -391, -1072, 810, -508, -120
1464, -531, -1064, 1092, -458, -299
1448, -615, -1091, 1250, -481, -393
1456, -722, -1132, 1521, -476, -502
1455, -831, -1160, 1792, -435, -625
1459, -955, -1158, 2018, -348, -748
1459, -1098, -1067, 2868, -197, -876
1460, -1233, -934, 4370, -63, -1002
1487, -1396, -719, 5352, 23, -1185
1487, -1672, -383, 6568, -21, -1449
1477, -1787, -547, 8346, -363, -1778
1472, -2161, -797, 8105, -556, -2159
1364, -2501, -804, 7337, -604, -2682
1084, -2297, -603, 7455, -663, -3217
869, -2135, -619, 6914, -1015, -3585
820, -2228, -693, 6208, -1224, -3865
878, -2293, -571, 6962, -1218, -4134
840, -2277, -462, 8705, -1238, -4377
733, -2402, -397, 10298, -1300, -4591
613, -2557, -256, 11582, -1398, -4835
470, -2623, -92, 11451, -1747, -5149
374, -2765, 95, 9308, -2349, -5518
246, -3045, 161, 7466, -3024, -5920
163, -3438, 119, 6844, -3622, -6355
74, -3910, -49, 6264, -4151, -6868
-42, -4307, -129, 6104, -4502, -7450
-102, -4703, -132, 5614, -4850, -8103
-178, -5024, -60, 5130, -5211, -8869
-478, -4922, 270, 4366, -5702, -9724
-596, -5229, 42, 1603, -6730, -10660
-788, -5772, -440, 2939, -6929, -11744
-1609, -5789, -139, 6035, -6686, -12941
-2489, -5710, -364, 3573, -7358, -14254
-3071, -5509, -648, 445, -7511, -15514
-3127, -5282, -399, -892, -7054, -16772
-3205, -4007, -26, -355, -6883, -18069
-4016, -1730, -377, -1605, -7273, -19066
-4893, 590, -1083, -4024, -7236, -19451
-5014, 2485, -1568, -2721, -6153, -19019
-4913, 5305, -665, 5343, -4168, -17812
-5253, 7797, 1876, -2678, -3957, -16879
-6877, 8384, 5029, -12622, -6338, -16313
-1909, 16895, -12246, 19507, -16386, -5221
1553, -18801, -16127, 7882, -2201, 9708
-1095, -4612, 225, 22350, 5737, -1357
2411, 8998, -15171, 17154, -140, -3323
-395, -7684, 1193, -29365, 832, -4842
1887, -5567, -16236, -668, -7520, -2486
72, -1930, -1746, 29386, 9093, -2163
73, -742, -4852, 7268, -1396, -4800
214, -3318, -5394, -28326, -575, -4909
-37, -4226, -3172, -12682, -596, -5443
813, -487, -8581, 10170, 1349, -6329
-744, 11203, -3482, 18688, 5626, -5589
382, 7967, -4053, -2629, 3029, -4917
663, -1596, -4994, -31817, 3447, -4621
391, 184, -3475, 2276, 5020, -3856
204, 3733, -4193, 19080, 6468, -3755
-99, 3263, -2400, 2591, 6480, -3254
140, 1712, -3046, -8292, 5377, -2582
319, 1120, -1255, -2340, 7046, -1569
686, 1025, 472, 1637, 6992, -48
1213, 267, 868, -3483, 5440, 125
1545, -344, 1167, -5277, 4119, 174
1549, 22, 589, -2277, 3181, 432
1272, 559, 359, 655, 2926, 370
945, 625, -586, 335, 2530, 385
838, 714, -484, 234, 2863, 347
776, 828, 147, -406, 3091, 336
757, 964, 880, -970, 2837, 328
676, 1252, 1512, -848, 2249, 364
543, 1634, 1924, -302, 1260, 479
491, 1846, 1453, -446, -208, 677
565, 1735, 238, -513, -1252, 930
691, 1502, -779, 52, -1351, 1151
815, 1232, -1363, 2, -856, 1280
848, 1032, -1121, -289, -115, 1320
722, 1093, -437, -98, 246, 1325
531, 1223, 156, 125, -42, 1335
401, 1391, 136, 346, -856, 1406
385, 1404, -413, 183, -1643, 1528
467, 1204, -1131, -139, -2011, 1659
632, 955, -1841, -364, -1928, 1768
797, 561, -2143, -1026, -1442, 1772
938, 175, -1998, -1342, -929, 1673
1008, -61, -1640, -988, -549, 1498
989, -65, -1204, -600, -473, 1251
919, 41, -1146, -616, -832, 1014
877, 172, -1473, -803, -1206, 823
875, 242, -1961, -932, -1294, 684
900, 184, -2338, -1107, -1022, 559
966, 132, -2378, -1268, -540, 428
1009, 130, -2234, -1385, -118, 263
975, 279, -1937, -1371, 204, 94
870, 550, -1561, -1188, 284, -43
763, 861, -1560, -779, 82, -99
699, 1173, -1773, -419, -33, -50
685, 1348, -2082, -522, 0, 58
717, 1323, -2293, -1133, 228, 192
728, 1247, -2187, -1261, 679, 327
737, 1185, -1846, -1247, 1036, 424
745, 1130, -1451, -1154, 1161, 503
757, 1119, -1174, -909, 1036, 570
754, 1103, -1103, -675, 798, 623
772, 1075, -1144, -617, 586, 682
820, 1021, -1306, -694, 432, 735
872, 932, -1417, -740, 425, 774
920, 838, -1462, -951, 505, 789
943, 742, -1389, -1277, 627, 778
943, 652, -1154, -1334, 740, 759
937, 621, -865, -1091, 749, 728
903, 645, -584, -867, 555, 704
865, 675, -556, -799, 178, 672
837, 705, -727, -816, -165, 643
840, 730, -1010, -1056, -416, 619
865, 678, -1282, -1368, -462, 592
907, 620, -1415, -1394, -328, 564
951, 627, -1422, -1008, -117, 523
931, 685, -1256, -854, 74, 470
866, 781, -1065, -771, 89, 430
786, 932, -979, -665, -60, 405
770, 1009, -1171, -745, -308, 412
808, 1065, -1442, -913, -376, 449
822, 1115, -1585, -1050, -226, 494
814, 1158, -1555, -1129, 0, 546
806, 1171, -1422, -1142, 158, 607
799, 1181, -1286, -1152, 169, 665
789, 1239, -1236, -1038, 76, 711
785, 1295, -1343, -1023, -59, 785
796, 1353, -1517, -1056, -101, 872
797, 1390, -1631, -936, 3, 968
836, 1403, -1667, -980, 299, 1214
846, 1376, -1552, -1054, 444, 1322
845, 1354, -1392, -1002, 505, 1430
868, 1302, -1306, -1052, 418, 1535
888, 1269, -1341, -1172, 295, 1624
893, 1247, -1436, -1183, 227, 1706
913, 1221, -1539, -1215, 240, 1778
942, 1193, -1558, -1273, 325, 1838
942, 1158, -1538, -1205, 424, 1899
927, 1149, -1475, -1180, 476, 1936
942, 1152, -1485, -1221, 463, 1983
916, 1165, -1491, -1276, 497, 2025
876, 1194, -1487, -1274, 519, 2068
854, 1249, -1522, -1209, 541, 2134
890, 1251, -1559, -964, 647, 2210
901, 1218, -1466, -832, 777, 2289
936, 1217, -1410, -932, 830, 2348
946, 1237, -1271, -860, 905, 2405
924, 1259, -1145, -729, 869, 2473
885, 1325, -1091, -723, 752, 2540
857, 1386, -1148, -834, 564, 2620
857, 1438, -1353, -950, 434, 2719
855, 1503, -1562, -828, 441, 2831
813, 1481, -1740, -658, 575, 2976
812, 1411, -1803, -977, 746, 3118
837, 1349, -1828, -1573, 890, 3255
817, 1334, -1701, -1852, 1076, 3401
782, 1353, -1588, -1831, 1154, 3542
761, 1382, -1549, -1333, 1236, 3702
770, 1370, -1452, -589, 1341, 3878
807, 1293, -1442, -493, 1329, 4037
847, 1185, -1496, -645, 1341, 4166
883, 1065, -1469, -661, 1430, 4281
926, 909, -1417, -978, 1482, 4362
979, 768, -1343, -1513, 1474, 4408
1032, 677, -1309, -1966, 1439, 4429
1054, 613, -1191, -1949, 1479, 4433
1098, 557, -1119, -1559, 1466, 4426
1158, 484, -1049, -1406, 1456, 4406
1224, 393, -937, -1600, 1431, 4358
1286, 256, -797, -1911, 1369, 4294
1328, 121, -631, -1972, 1269, 4193
1355, 73, -504, -1991, 1091, 4062
1324, 47, -433, -2564, 808, 3921
1346, 25, -533, -3188, 478, 3778
1358, 29, -609, -3319, 312, 3643
1334, 118, -688, -2876, 243, 3531
1358, 125, -640, -1955, 276, 3456
1336, 221, -613, -2307, 147, 3353
1246, 238, -570, -3687, -65, 3274
1230, 66, -658, -2769, -125, 3258
1236, 110, -583, -1170, 6, 3176
1275, 184, -450, -1030, -28, 3089
1283, 192, -394, -1522, -242, 3008
1228, 173, -404, -1851, -492, 2918
1217, 207, -547, -2289, -762, 2811
