1592, -606, -154, -410, -535, -725
1603, -591, -190, -214, -555, -694
1593, -595, -216, -214, -565, -665
1593, -590, -193, -160, -552, -637
1581, -593, -162, -172, -582, -613
1558, -605, -166, -253, -651, -590
1561, -609, -213, -298, -711, -572
1571, -604, -257, -333, -736, -548
1566, -591, -277, -378, -739, -516
1561, -577, -271, -338, -719, -482
1556, -574, -292, -324, -764, -402
1573, -582, -333, -372, -776, -365
1587, -590, -344, -298, -748, -329
1586, -611, -331, -280, -721, -296
1579, -629, -325, -225, -723, -270
1584, -622, -336, -197, -750, -240
1594, -627, -357, -319, -765, -221
1604, -641, -381, -437, -772, -204
1606, -654, -406, -442, -760, -181
1612, -653, -409, -439, -727, -176
1606, -660, -421, -364, -706, -172
1607, -674, -432, -237, -687, -162
1619, -677, -465, -55, -638, -162
1598, -688, -422, 13, -566, -172
1570, -704, -367, -21, -568, -179
1563, -706, -398, -58, -660, -178
1570, -718, -498, -223, -725, -186
1573, -738, -579, -516, -722, -192
1579, -778, -619, -833, -668, -205
1588, -795, -611, -371, -551, -208
1560, -800, -642, 17, -484, -214
1539, -826, -649, -47, -413, -227
1548, -840, -611, -54, -346, -255
1553, -861, -594, 109, -293, -280
1539, -863, -571, 482, -235, -303
1544, -884, -594, 493, -236, -322
1578, -930, -642, 401, -209, -354
1590, -988, -652, 368, -146, -396
1608, -1056, -637, 378, -94, -452
1634, -1111, -629, 331, -46, -523
1643, -1181, -605, 317, 20, -624
1615, -1241, -560, 713, 94, -737
1550, -1282, -550, 1160, 125, -853
1530, -1335, -586, 1255, 142, -963
1540, -1415, -615, 1056, 161, -1068
1458, -1535, -700, 1240, 228, -1153
1076, -1576, -712, 1564, 404, -1195
570, -1783, -545, -959, 441, -1174
105, -2236, -334, -2166, 467, -1092
-646, -2339, -476, -510, 608, -959
-1898, -3048, -548, -1186, 956, -833
-2751, -3651, 260, -3965, 1209, -893
-3132, -4263, 649, -10811, 76, -1255
-3161, -5689, -58, -17148, -1543, -1797
-3283, -8796, -1583, -21435, -1710, -3156
-3308, -10823, 516, -15435, 233, -5586
-3000, -9096, 623, -10532, -1720, -8279
-3483, -8555, -4334, -22846, -4808, -10557
-4999, -9218, -9711, -21262, -1736, -12153
-5440, -10788, -11947, -7593, 6915, -13985
-5608, -10088, -5617, 17582, 17017, -15891
-4045, -12384, -33, 15651, 17610, -18755
-2079, -15306, 4085, 6885, 13962, -23122
-2326, -15336, 2909, -15, 8146, -28624
-4267, -13331, 1078, -7066, 5480, -32768
-5693, -10299, -1618, -9364, 5629, -32768
-8671, -6235, -9, -8853, 9342, -32700
-13627, -1793, 2771, -5635, 10736, -32763
-17858, 4421, 3718, 10558, 8830, -32768
-19280, 11520, 125, 12056, 3406, -32767
-19482, 14422, -1118, -3959, 4626, -32768
-17819, 19150, -632, 246, 6275, -32628
-14184, 20604, 695, -5150, 7275, -29525
-10078, 20682, 2762, -8101, 7845, -24088
-6858, 20498, 4671, -6919, 7079, -19473
-3289, 19431, 4385, -1837, 3580, -11380
-2525, 17656, 3213, 1615, 2250, -7632
-1520, 14644, 2229, 2801, 1489, -4335
-121, 11155, 821, 1274, 1009, -1822
1110, 8069, 272, -291, 1695, -187
2089, 5901, 406, -2003, 2515, 697
2516, 4273, 1760, -1282, 3429, 1069
2238, 4570, 3667, 671, 3226, 1204
1881, 4458, 4388, 1528, 1426, 1482
1801, 3835, 3636, 2289, -669, 1868
1954, 3010, 1691, 1798, -2161, 2167
2109, 2202, -127, -247, -2021, 2235
2158, 1337, -624, -1023, -878, 2217
2050, 1165, 249, 724, 474, 2112
1690, 1269, 1557, 701, 705, 1811
1196, 1748, 2154, 1698, -163, 1569
857, 2134, 1578, 2370, -1585, 1503
822, 1941, -56, 2093, -2465, 1535
824, 1520, -1140, 1962, -1988, 1526
804, 1151, -1408, 1158, -988, 1428
699, 965, -1132, 220, -104, 1235
590, 1095, -450, -121, 448, 998
424, 1429, -183, -55, 386, 796
241, 1782, -104, 544, 330, 690
192, 1955, -233, 761, 206, 660
268, 1876, -420, 526, 260, 646
355, 1676, -527, 244, 453, 622
372, 1549, -620, -305, 651, 543
341, 1591, -635, -772, 957, 433
280, 1712, -307, -782, 1366, 363
185, 1897, 32, -851, 1548, 327
68, 2095, 527, -555, 1629, 347
96, 2113, 968, -181, 1412, 430
284, 1979, 1017, -132, 948, 495
535, 1777, 863, 65, 622, 530
697, 1619, 619, 92, 446, 513
745, 1538, 522, -41, 454, 439
750, 1501, 614, -116, 504, 355
722, 1530, 712, 9, 452, 271
644, 1615, 912, 105, 358, 193
557, 1715, 1042, 278, 96, 132
522, 1793, 990, 357, -277, 103
571, 1756, 687, 376, -622, 88
612, 1689, 434, 275, -712, 65
633, 1603, 295, 49, -702, 16
643, 1558, 207, -124, -675, -61
601, 1600, 156, -158, -661, -145
551, 1678, 57, -167, -651, -224
490, 1795, -38, 60, -583, -280
447, 1889, -22, 339, -480, -302
468, 1870, -87, 454, -462, -293
492, 1868, -129, 283, -403, -301
542, 1816, -175, -147, -340, -309
572, 1781, -151, -323, -192, -342
563, 1843, 4, -277, -66, -379
535, 1918, 78, -283, -121, -407
497, 2005, -15, -226, -209, -419
465, 2065, -179, -171, -189, -393
480, 2033, -203, -241, 16, -342
539, 1930, -64, -219, 234, -306
566, 1892, 197, -223, 334, -303
601, 1874, 345, -313, 216, -308
620, 1925, 352, -369, 56, -336
616, 2015, 251, -357, -83, -340
604, 2054, 137, -276, -130, -321
623, 1969, 3, -283, 19, -266
619, 1926, 85, -379, 98, -260
596, 1925, 176, -380, 139, -265
597, 1934, 278, -371, 123, -259
592, 1965, 332, -384, 48, -268
581, 2036, 332, -323, -31, -270
570, 2109, 311, -155, -78, -245
542, 2148, 308, 11, -99, -202
537, 2141, 285, -34, -156, -154
525, 2132, 209, -151, -189, -112
504, 2132, 205, -132, -162, -64
512, 2084, 256, -114, -135, -18
527, 2020, 284, -102, -160, 7
559, 1989, 277, -114, -224, 17
581, 1951, 230, -73, -269, 19
596, 1891, 195, 47, -280, 10
605, 1819, 112, -4, -325, -4
600, 1811, -12, -165, -322, -42
598, 1836, -35, -222, -198, -71
602, 1843, 17, -237, -87, -97
595, 1857, 121, -268, -25, -119
591, 1856, 221, -274, -39, -140
585, 1851, 245, -311, -92, -173
595, 1851, 225, -286, -146, -203
593, 1853, 180, -280, -170, -236
580, 1865, 135, -257, -155, -261
540, 1916, 130, -219, -109, -282
517, 1962, 167, -119, -63, -286
504, 1958, 221, -76, -41, -266
525, 1896, 245, -96, -55, -250
550, 1866, 294, -102, -73, -259
557, 1871, 344, -89, -127, -290
556, 1870, 292, -105, -239, -312
543, 1906, 196, -6, -290, -333
529, 1924, 112, 98, -288, -338
523, 1938, 72, 139, -228, -343
510, 1962, 81, 140, -159, -337
491, 1975, 143, 42, -101, -316
492, 1955, 245, -118, -94, -291
494, 1946, 305, -162, -140, -287
487, 1957, 327, -129, -213, -282
479, 1954, 264, -11, -297, -271
474, 1936, 168, 70, -357, -266
483, 1902, 21, 66, -386, -269
502, 1887, -123, -26, -328, -280
524, 1842, -142, -198, -165, -302
535, 1799, -83, -306, -4, -329
521, 1813, 36, -408, 85, -374
513, 1839, 147, -457, 98, -421
512, 1898, 262, -311, 84, -455
535, 1931, 293, -236, -9, -469
557, 1976, 244, -163, -87, -486
565, 2062, 189, -62, -122, -494
552, 2130, 127, -82, -136, -482
511, 2215, 81, -71, -120, -452
459, 2317, 68, -69, -76, -398
415, 2414, 87, -168, -37, -317
401, 2460, 131, -186, -1, -207
413, 2433, 220, -110, -12, -84
