1458, -543, -894, -368, -115, 64
1454, -547, -893, -321, -90, 68
1452, -539, -901, -280, -73, 75
1449, -535, -904, -289, -64, 84
1460, -542, -909, -278, -34, 88
1448, -551, -905, -250, -5, 96
1432, -543, -896, -253, 5, 102
1441, -538, -906, -298, -8, 110
1448, -547, -946, -291, 6, 118
1443, -546, -972, -207, 40, 131
1444, -549, -988, -179, 85, 131
1441, -559, -973, -145, 153, 138
1445, -564, -950, -80, 209, 143
1441, -557, -931, -78, 240, 148
1437, -555, -909, -119, 252, 149
1445, -556, -895, -50, 266, 147
1456, -554, -899, -3, 279, 149
1455, -560, -898, 6, 294, 149
1445, -559, -884, 113, 318, 145
1439, -561, -883, 228, 343, 156
1429, -574, -882, 244, 355, 160
1424, -582, -885, 204, 374, 160
1436, -583, -867, 171, 391, 159
1441, -587, -862, 170, 408, 160
1447, -589, -840, 158, 418, 156
1449, -588, -817, 197, 438, 165
1452, -577, -800, 257, 433, 157
1458, -576, -799, 211, 419, 150
1465, -578, -787, 208, 420, 150
1472, -581, -769, 221, 419, 147
1463, -585, -742, 194, 411, 152
1449, -583, -729, 152, 382, 148
1447, -581, -740, 113, 348, 140
1456, -584, -744, 98, 338, 145
1461, -602, -737, 116, 332, 147
1464, -602, -739, 148, 326, 147
1465, -605, -753, 178, 330, 146
1458, -636, -716, 320, 347, 142
1459, -638, -700, 367, 339, 135
1449, -646, -658, 297, 311, 128
1433, -665, -634, 255, 275, 116
1445, -675, -626, 314, 231, 106
1454, -704, -622, 292, 198, 98
1463, -748, -624, 168, 166, 87
1477, -803, -592, 105, 158, 59
1456, -847, -513, 140, 145, 24
1452, -898, -435, 144, 62, -16
1462, -1000, -396, 97, -60, -65
1482, -1101, -405, 25, -197, -152
1491, -1225, -431, -51, -320, -241
1500, -1361, -456, 154, -405, -355
1503, -1497, -498, 523, -477, -495
1522, -1674, -523, 565, -547, -680
1527, -1827, -534, 250, -648, -911
1517, -1989, -567, -18, -752, -1191
1513, -2109, -598, -22, -824, -1510
1502, -2206, -639, -170, -899, -1854
1477, -2382, -691, -269, -952, -2220
1407, -2516, -720, 617, -889, -2578
1326, -2542, -701, 1756, -804, -2932
1276, -2600, -604, 1960, -816, -3315
1223, -2661, -489, 1715, -979, -3712
1135, -2693, -558, 1481, -1280, -4111
1040, -2733, -797, 1238, -1551, -4504
939, -2765, -1021, 1139, -1624, -4881
791, -2809, -1193, 1629, -1495, -5230
644, -2928, -1222, 3426, -1117, -5519
595, -3086, -943, 6550, -635, -5772
607, -3174, -679, 9899, -483, -6068
588, -3203, -526, 12295, -589, -6407
444, -3351, -452, 13751, -889, -6742
277, -3311, -490, 14626, -1271, -7043
286, -3282, -400, 13266, -1680, -7292
427, -3598, -223, 11687, -1982, -7476
499, -4629, -2, 11412, -2222, -7827
54, -5161, 383, 15414, -2174, -8330
-604, -5169, 1284, 19406, -2728, -8684
-1000, -5619, 645, 18887, -4319, -9024
-1205, -6303, 330, 19089, -4693, -9423
-1241, -7358, 452, 19323, -4475, -9929
-1595, -8516, 1545, 18582, -4065, -10836
-2219, -9238, 3672, 12343, -4574, -12378
-3649, -10561, 5911, 3633, -6555, -14704
-5360, -10686, 7310, -3794, -9863, -17773
-6023, -9542, 7978, -11468, -13492, -21145
-7372, -8264, 6838, -14170, -16959, -24168
-10445, -7759, 3678, -12498, -19098, -26639
-12635, -6229, 107, -11959, -19326, -28659
-12673, -4465, -3385, -14186, -17586, -30078
-13190, -2422, -3310, -13358, -12837, -31222
-14479, 1193, -1294, -4813, -9815, -32027
-15225, 6670, -2107, 5233, -10701, -31671
-14582, 12673, -5070, 3148, -13313, -29922
-12243, 14438, -8751, -7967, -12046, -27877
-7483, 19443, -8516, 7769, -8274, -21580
2294, 11752, -16537, 9421, -4033, 4133
-1875, -11006, -2974, -3759, 2262, -854
-668, 4714, -5799, 32767, 4854, 1158
-83, 12256, 669, 18345, 4634, 8209
-292, -2754, 3308, -24338, -2809, -590
1945, -3373, -8055, -18766, -6860, 697
1886, -3171, -1280, 9749, 172, 4498
2012, -3430, -1143, -7530, 154, 416
2344, -4759, -3216, -13658, -3619, 585
2674, -4745, -4836, -9633, -2082, 134
2609, -4142, -3796, -1413, -32, -898
2394, -3158, -4901, 445, 746, -2233
1708, -2269, -3171, 2161, 2429, -3330
1024, -294, -3682, 6390, 2660, -4142
150, 1715, -2443, 8268, 3495, -4489
-200, 3736, -3461, 6746, 2394, -4298
-341, 4656, -3870, -758, 2528, -3778
-358, 4504, -3806, -4234, 3089, -2961
-680, 5410, -3423, -1236, 4502, -1909
-1005, 10260, 1619, 13187, 6486, 456
-360, 3280, 446, -6998, 3010, 1239
-70, 706, -1952, -12164, 2266, 1458
330, 2321, -64, 9216, 2658, 2276
948, 2405, -3894, -2021, 1382, 2033
868, 288, -1221, -10564, 3045, 1887
1198, 301, -2370, -2229, 3063, 2046
1058, 22, 647, -1530, 4755, 1832
1136, -97, 1086, -1109, 3272, 1558
1052, -213, 1585, -1456, 2715, 1226
1000, -6, 2036, 822, 1523, 1004
1103, 264, 480, 201, 271, 718
1105, 310, 398, 106, 202, 537
1131, 547, -580, 338, -184, 417
1043, 416, -339, -1520, 113, 286
930, 271, -52, -2023, 39, 159
717, 158, 492, -1374, -4, -21
522, 412, 728, 651, -517, -220
394, 918, 92, 1593, -1300, -391
325, 1453, -730, 622, -1918, -447
370, 1782, -1786, -1015, -2054, -405
369, 2073, -1893, -689, -1271, -206
324, 2240, -1484, -478, -671, 70
326, 2119, -856, -713, -435, 346
333, 1957, -324, -291, -652, 598
299, 1899, -271, 23, -1217, 788
298, 1950, -721, -28, -1876, 959
438, 1929, -1632, -197, -2232, 1159
603, 1762, -2332, -403, -1932, 1359
715, 1498, -2439, -301, -1214, 1527
788, 1142, -2092, -239, -576, 1647
835, 719, -1444, -974, -286, 1637
821, 427, -949, -1270, -525, 1505
792, 416, -996, -764, -954, 1302
786, 519, -1429, -666, -1303, 1111
860, 598, -2093, -1033, -1399, 950
923, 643, -2514, -937, -977, 827
933, 692, -2452, -348, -308, 746
915, 628, -2069, -429, 206, 644
881, 547, -1600, -704, 394, 514
794, 603, -1222, -636, 277, 369
705, 796, -1252, -446, -99, 247
654, 978, -1685, -531, -391, 177
665, 1084, -2179, -821, -352, 163
710, 1097, -2437, -945, 78, 203
726, 1066, -2211, -892, 697, 237
721, 1020, -1724, -785, 1117, 262
707, 997, -1159, -688, 1240, 260
644, 1099, -704, -204, 1051, 254
611, 1248, -645, -35, 581, 267
618, 1305, -986, -599, 132, 290
653, 1310, -1403, -562, 3, 368
716, 1223, -1637, -483, 211, 429
806, 989, -1190, -667, 786, 477
804, 895, -708, -543, 825, 449
758, 934, -359, -168, 552, 407
713, 1009, -313, -12, 72, 365
712, 1078, -648, -113, -439, 352
753, 1097, -1113, -130, -639, 363
812, 1049, -1403, -156, -529, 385
835, 983, -1415, -270, -289, 395
830, 901, -1233, -271, -109, 385
801, 870, -1035, -120, -102, 347
749, 944, -934, -75, -272, 295
694, 1083, -1063, -61, -533, 268
675, 1196, -1356, 42, -701, 285
686, 1267, -1673, 117, -656, 325
717, 1263, -1846, 79, -417, 379
740, 1182, -1827, 25, -126, 435
764, 1095, -1650, -26, 139, 460
772, 1073, -1371, 16, 273, 464
762, 1087, -1184, 92, 217, 456
732, 1138, -1124, 194, 72, 445
742, 1183, -1254, 293, -71, 461
755, 1194, -1406, 295, -100, 495
786, 1123, -1537, 162, -36, 526
824, 1004, -1519, 77, 149, 539
854, 896, -1423, 34, 282, 527
866, 823, -1260, 17, 347, 479
848, 825, -1098, 39, 302, 420
833, 856, -1103, 19, 153, 353
828, 911, -1171, 28, 23, 294
844, 933, -1360, -42, -48, 252
859, 904, -1479, -94, 47, 216
876, 851, -1455, -152, 210, 173
