1546, -270, -805, -927, -61, 24
1556, -218, -881, -81, -101, 24
1531, -176, -914, -175, -51, 21
1524, -195, -922, -380, 1, 24
1522, -167, -839, -200, 59, 34
1524, -160, -817, -242, 42, 46
1521, -164, -816, -244, 22, 59
1519, -157, -819, -152, 19, 72
1527, -149, -810, -152, 13, 90
1529, -139, -817, -144, -9, 105
1536, -127, -848, -116, -13, 132
1551, -115, -856, -62, 4, 158
1550, -103, -840, -5, 13, 183
1543, -111, -846, -29, -2, 217
1549, -121, -863, -13, 7, 256
1545, -129, -859, 20, 20, 286
1538, -130, -852, 85, 36, 315
1516, -132, -828, 204, 36, 366
1505, -147, -837, 145, 8, 392
1509, -166, -880, 123, -4, 413
1512, -178, -879, 166, 25, 437
1500, -199, -890, 214, 33, 459
1495, -225, -896, 190, 41, 475
1503, -258, -926, 152, 40, 483
1517, -289, -937, 254, 85, 496
1522, -311, -932, 440, 128, 498
1539, -360, -930, 587, 174, 488
1553, -387, -893, 773, 229, 466
1560, -419, -852, 770, 233, 441
1571, -480, -849, 643, 202, 408
1591, -543, -837, 578, 181, 371
1610, -607, -852, 410, 141, 309
1631, -701, -876, 171, 112, 223
1641, -803, -874, 211, 129, 131
1641, -882, -854, 358, 146, 28
1629, -957, -820, 465, 137, -88
1640, -1074, -810, 457, 97, -231
1672, -1230, -830, 130, 31, -406
1682, -1438, -818, -112, -7, -603
1683, -1651, -837, 242, -23, -825
1690, -1867, -858, 777, 22, -1066
1712, -2129, -842, 1199, 113, -1351
1697, -2411, -680, 1830, 235, -1684
1638, -2712, -453, 2861, 299, -2059
1533, -2937, -242, 3650, 279, -2525
1411, -3062, -52, 4151, 150, -3054
1272, -3248, 73, 4629, -176, -3582
1160, -3330, -55, 5362, -599, -4117
1075, -3363, -168, 5443, -842, -4651
970, -3436, -128, 4786, -1097, -5179
898, -3486, -286, 4454, -1408, -5735
814, -3524, -200, 4961, -1503, -6235
716, -3460, -104, 6577, -1620, -6716
558, -3253, 62, 8214, -1872, -7126
421, -3141, 23, 7811, -2385, -7531
250, -3125, 60, 7642, -2829, -7918
58, -3075, 66, 7970, -3253, -8292
-111, -3071, 72, 7432, -3741, -8665
-297, -3086, 22, 6417, -4227, -9056
-443, -3261, -41, 6207, -4628, -9464
-801, -3241, 68, 6884, -4843, -9861
-1411, -2937, 287, 5683, -5186, -10091
-1725, -3693, -274, 1559, -5703, -10568
-2190, -4768, 89, -94, -5451, -11244
-2474, -5698, 317, -1076, -5368, -12184
-2896, -6834, 755, -4640, -5650, -13288
-3462, -8271, 321, -10334, -6440, -15057
-4027, -9583, 533, -12980, -6191, -17158
-5110, -9593, 1636, -10109, -5909, -19055
-5827, -7589, 3373, -5865, -7095, -20936
-5642, -6522, -2389, -4186, -11088, -22956
-4039, -6241, -8689, -15294, -8935, -24746
-5742, -6596, -5052, -14318, -959, -26173
-8996, -2723, -666, 5202, 3346, -27850
-11438, 2091, 1845, 18753, 908, -28972
-13113, 10251, -4837, 28695, -4958, -28091
4602, 21390, -13078, 27247, -19523, 4858
-1851, -15238, -15684, -11790, -575, -6839
1226, -8975, -7591, 19356, -3000, -1911
-1758, 9916, -6252, 32767, 20401, 1815
-49, 6547, 8297, 16092, 736, 5900
1162, -3157, -3911, -32768, -6462, -1536
2223, -2753, -6326, -12898, -2770, -1177
2350, -2455, -4077, 4553, 3700, 7
1856, -2758, -709, 7174, 4489, -895
1718, -2502, -347, -406, 3194, -2581
464, 6842, -761, 8899, 1547, -2551
1230, 10572, 390, 30612, 4026, 493
1052, 6742, -451, -6011, 592, -395
890, 1267, -1578, -20686, -1775, -57
1009, -263, -2465, -11833, -1484, 469
1094, -565, -2303, -3159, -56, 470
1235, -64, -2356, 2915, 962, 467
1230, 346, -1843, 2775, 1605, 230
1152, 514, -1247, 1091, 1693, -62
1091, 801, -817, 1186, 1695, -251
835, 1346, -87, 2481, 1655, -334
668, 1797, 706, 3798, 1254, -272
534, 1823, 865, 2103, 102, -196
473, 1276, -34, -2015, -1378, -188
550, 723, -1384, -3767, -2074, -185
745, 472, -2989, -2614, -1650, -254
884, 572, -3994, -782, -187, -271
928, 640, -2960, 702, 1682, -232
774, 771, -954, 2844, 2758, -211
605, 1188, 1002, 4712, 2486, -219
528, 1695, 1770, 2985, 590, -296
554, 1593, 505, -1807, -1800, -424
654, 1388, -1640, -4250, -2788, -436
774, 1070, -3137, -3768, -1991, -342
822, 890, -3269, -1112, -458, -187
782, 1005, -2241, 1367, 854, -81
673, 1092, -1033, 1588, 1193, -90
585, 1173, -124, 1143, 714, -115
555, 1330, -80, 695, -206, -122
639, 1370, -1061, -457, -949, -142
723, 1264, -1946, -1045, -819, -141
787, 1201, -2298, -618, -131, -95
814, 1128, -2075, -359, 639, -94
740, 1117, -1392, -296, 1153, -145
625, 1217, -511, -539, 808, -111
598, 1341, -399, -1825, -376, -18
613, 1173, -797, -3003, -1176, 24
671, 1036, -1310, -2184, -1189, -6
715, 1149, -1701, -218, -755, 42
752, 1241, -1862, 136, -413, 104
797, 1133, -1848, -474, -111, 105
785, 1077, -1501, -68, 236, 121
728, 1148, -1044, 365, 290, 130
704, 1184, -888, 245, 6, 125
700, 1186, -1100, 75, -294, 127
726, 1185, -1427, -9, -366, 150
760, 1171, -1548, -89, -230, 175
781, 1149, -1549, -149, -51, 195
771, 1114, -1428, -149, 128, 211
735, 1104, -1209, -34, 202, 209
706, 1140, -1087, 24, 115, 195
689, 1155, -1152, -205, -38, 177
706, 1122, -1401, -450, -129, 166
726, 1128, -1517, -481, -24, 164
738, 1069, -1528, -635, 139, 150
743, 1065, -1428, -656, 296, 144
742, 1075, -1287, -529, 363, 127
734, 1070, -1209, -516, 335, 112
702, 1071, -1142, -387, 275, 90
714, 1100, -1311, -317, 191, 62
705, 1120, -1352, -366, 237, 25
697, 1096, -1275, -253, 305, 33
683, 1137, -1349, -118, 269, 32
715, 1142, -1381, -136, 297, 45
733, 1156, -1427, -64, 366, 59
732, 1169, -1426, 47, 433, 71
733, 1164, -1407, 30, 484, 87
753, 1108, -1421, -90, 482, 98
759, 1098, -1472, -264, 504, 86
789, 1102, -1406, -741, 579, 43
800, 1065, -1355, -987, 668, 4
804, 1164, -1151, -638, 715, 18
788, 1181, -1077, -529, 682, 19
781, 1225, -980, -444, 622, 17
769, 1243, -924, -507, 503, 33
761, 1195, -988, -476, 407, 44
775, 1206, -941, -110, 427, 70
785, 1194, -879, -21, 402, 79
783, 1160, -793, 141, 348, 82
764, 1206, -758, 435, 211, 96
758, 1246, -806, 453, 49, 111
777, 1277, -949, 110, -101, 120
782, 1259, -1060, -175, -129, 133
767, 1303, -1081, 49, -51, 163
734, 1340, -931, 454, 35, 199
717, 1336, -842, 490, -72, 240
730, 1275, -908, 135, -268, 261
726, 1257, -999, 206, -376, 292
738, 1251, -1137, 127, -433, 327
760, 1197, -1245, -52, -416, 351
769, 1154, -1245, 0, -368, 364
790, 1098, -1261, 64, -338, 363
796, 1047, -1240, 145, -293, 349
780, 1029, -1225, 217, -292, 317
767, 1057, -1216, 195, -311, 285
755, 1063, -1295, 70, -356, 257
763, 1088, -1354, 66, -325, 250
785, 1113, -1349, -38, -255, 248
781, 1120, -1260, -51, -193, 240
758, 1124, -1204, 3, -207, 229
739, 1136, -1223, 151, -276, 223
736, 1131, -1327, 287, -318, 227
746, 1103, -1450, 247, -303, 227
769, 1084, -1548, 170, -233, 212
771, 1090, -1534, 202, -84, 199
767, 1129, -1476, 198, 37, 186
769, 1191, -1371, 315, 92, 172
755, 1271, -1352, 443, 65, 173
740, 1334, -1391, 488, 11, 188
715, 1388, -1481, 556, 1, 213
704, 1448, -1589, 432, 44, 260
708, 1480, -1666, 132, 147, 331
709, 1465, -1632, -128, 306, 411
