1763, 150, 2, -642, 164, 1048
1768, 151, -32, -655, 161, 1044
1765, 150, -42, -665, 174, 1040
1754, 144, -52, -663, 199, 1041
1754, 129, -36, -680, 241, 1049
1758, 110, 5, -689, 258, 1057
1772, 90, 29, -713, 247, 1050
1791, 74, 49, -719, 241, 1034
1799, 76, 56, -706, 215, 1026
1837, 65, 55, -719, 197, 1020
1866, 49, 49, -516, 207, 1014
1864, 45, 47, -265, 223, 1000
1852, 33, 59, -143, 231, 983
1852, 24, 52, -84, 224, 975
1875, 17, 26, -136, 208, 971
1886, -18, -2, -181, 221, 966
1874, -62, -12, -19, 275, 960
1877, -111, 50, 212, 354, 942
1880, -156, 123, 440, 376, 905
1875, -205, 160, 456, 319, 858
1874, -252, 141, 321, 230, 796
1877, -291, 64, 121, 156, 718
1890, -359, 5, -123, 134, 637
1916, -431, -30, -147, 173, 545
1913, -500, -5, 5, 239, 430
1911, -550, 50, -11, 264, 295
1931, -581, 90, -206, 224, 145
1958, -588, 97, -449, 159, -8
1960, -562, 76, -627, 94, -147
1967, -527, 24, -881, 54, -277
1984, -497, 17, -1102, 80, -393
2003, -466, 57, -1171, 129, -490
2016, -439, 142, -1187, 146, -593
2024, -411, 221, -1331, 118, -685
2024, -402, 259, -1613, 38, -771
2052, -389, 268, -1702, -56, -852
2092, -359, 204, -1696, -160, -915
2117, -357, 92, -2006, -218, -970
2128, -372, 20, -2123, -189, -1005
2168, -398, -8, -1916, -96, -1021
2198, -449, 86, -1554, 25, -1039
2210, -498, 114, -824, 32, -1038
2258, -549, 13, -482, -24, -1040
2281, -645, -71, -888, -28, -1075
2264, -764, -56, -1076, 56, -1148
2212, -921, 30, -551, 175, -1236
2128, -1085, 71, 512, 248, -1337
1993, -1241, 94, 1533, 329, -1436
1737, -1426, 54, 2127, 400, -1496
1382, -1913, -65, 3421, 604, -1568
1034, -2475, 30, 5771, 1005, -1806
974, -4461, -166, 5106, 1215, -2450
774, -5397, 327, 5946, 2611, -3607
453, -6219, 3870, 11718, 3328, -4139
234, -9028, 4359, -1896, -2711, -7394
-354, -9733, 1792, -5111, -5128, -9517
-1223, -10046, 1311, -2397, -4473, -11581
-2406, -10287, -342, -1080, -4211, -13747
-3850, -11135, 730, -2708, -2125, -16105
-4939, -11179, 2141, 1137, -1594, -18429
-5841, -11023, 3344, 2818, -2174, -20946
-6570, -10653, 3590, 2265, -3907, -23571
-7559, -10160, 3261, 2383, -5270, -26119
-9018, -9137, 3076, 1756, -6373, -28623
-10622, -7563, 2700, 142, -7382, -30969
-12049, -5006, 2217, -919, -8229, -32737
-13349, -1502, 1627, -2633, -8679, -32768
-14480, 2502, 1340, -1345, -8933, -32743
-14694, 7312, -428, 5816, -10482, -32764
-13763, 11070, -3093, 1675, -10779, -32601
-12695, 12747, -3713, -3223, -8286, -30641
-11357, 14058, -3200, -2835, -6050, -27489
-10267, 14737, -1481, -4361, -4598, -24579
-9152, 16434, -766, -2120, -5174, -21592
-7716, 17821, -2116, 332, -6533, -18294
-5921, 18461, -4132, 1918, -6896, -14804
-4030, 17899, -6473, 1639, -6047, -11334
-2459, 16750, -7414, 1460, -3411, -8005
-1629, 15105, -6153, 617, -270, -4907
-1311, 13284, -3695, -527, 1698, -2099
-1114, 11246, -1218, -1760, 1943, 296
-637, 9219, 148, -801, 656, 2150
128, 7383, -730, 303, -1373, 3421
871, 5996, -2629, 231, -2197, 4084
1309, 4988, -4324, 365, -1355, 4405
1391, 3802, -4615, -9, 913, 4558
1082, 2474, -2931, -276, 3217, 4591
717, 1502, -880, 393, 4027, 4454
485, 1036, 646, 815, 3434, 4111
430, 1001, 876, 151, 1916, 3659
497, 1028, -95, -369, 667, 3233
593, 1070, -1303, -230, 566, 2898
640, 888, -1748, -446, 1548, 2645
507, 622, -1094, -886, 2815, 2425
263, 509, 197, -1030, 3381, 2176
120, 432, 1111, -1500, 2959, 1852
19, 580, 1488, -1759, 2025, 1466
-47, 918, 1001, -1529, 993, 1132
-113, 1274, 262, -824, 599, 908
-188, 1481, -307, -148, 749, 801
-268, 1547, -412, 180, 1293, 753
-371, 1552, 56, -288, 1798, 714
-457, 1568, 778, -906, 1787, 662
-438, 1526, 1153, -1237, 1202, 611
-312, 1481, 1045, -1381, 448, 512
-198, 1513, 651, -1285, -74, 389
-118, 1611, 221, -899, -227, 285
-78, 1787, 42, -356, -59, 217
-74, 1946, 117, -26, 157, 222
-41, 1969, 355, -175, 237, 271
-36, 1967, 623, -327, 82, 313
-14, 1889, 618, -620, -308, 349
61, 1764, 500, -819, -654, 333
111, 1730, 229, -762, -935, 271
107, 1811, -48, -539, -996, 198
86, 1910, -231, -261, -959, 150
49, 2018, -375, -139, -820, 129
-35, 2166, -322, 104, -608, 153
-97, 2231, -249, 175, -548, 216
4, 2074, -364, -277, -709, 326
67, 1934, -468, -306, -699, 320
109, 1853, -555, -296, -637, 268
96, 1879, -620, -201, -507, 204
23, 2013, -536, -111, -370, 145
-42, 2220, -555, -75, -357, 114
-68, 2392, -640, -107, -343, 150
-37, 2402, -833, -252, -292, 230
20, 2299, -813, -246, -43, 312
70, 2168, -755, -246, 150, 378
72, 2098, -551, -242, 352, 411
21, 2143, -316, -283, 377, 419
-15, 2234, -275, -310, 254, 445
-28, 2333, -282, -300, 161, 499
-15, 2395, -353, -239, 160, 574
24, 2351, -292, -195, 302, 679
84, 2244, -129, -147, 410, 782
135, 2065, 104, -26, 450, 845
133, 1912, 430, 76, 363, 854
116, 1828, 548, 48, 19, 822
102, 1816, 404, -121, -368, 768
107, 1849, 165, -185, -579, 715
97, 1901, -77, -159, -626, 687
115, 1895, -177, -2, -472, 678
138, 1814, -52, 154, -265, 672
156, 1709, 148, 287, -244, 628
170, 1672, 351, 499, -401, 557
163, 1705, 259, 424, -780, 469
140, 1836, -73, 266, -1083, 374
124, 1997, -396, 159, -1161, 311
104, 2142, -639, 189, -1012, 309
89, 2185, -696, 218, -746, 338
75, 2173, -580, 225, -490, 373
76, 2158, -334, 292, -360, 411
76, 2140, -260, 196, -476, 434
72, 2183, -301, 30, -619, 441
59, 2278, -418, -61, -704, 467
22, 2364, -537, -88, -655, 519
2, 2426, -548, -160, -537, 590
1, 2475, -557, -189, -427, 683
11, 2443, -442, -25, -279, 791
35, 2396, -330, 82, -229, 895
54, 2356, -263, 147, -253, 982
79, 2339, -271, 130, -343, 1042
85, 2362, -383, 61, -408, 1098
68, 2426, -412, 37, -350, 1156
74, 2462, -444, 48, -271, 1234
82, 2491, -391, 180, -139, 1335
103, 2434, -291, 270, -77, 1454
142, 2336, -215, 290, -115, 1554
182, 2252, -267, 230, -212, 1628
216, 2197, -348, 114, -237, 1680
237, 2173, -395, -29, -207, 1723
254, 2136, -432, -19, -121, 1761
256, 2080, -363, 22, -9, 1795
280, 1984, -322, -7, 15, 1821
310, 1933, -272, -9, 28, 1829
331, 1874, -226, 37, -17, 1828
345, 1838, -298, 0, -98, 1793
351, 1773, -362, -56, -134, 1753
402, 1708, -465, -216, -137, 1695
430, 1671, -561, -213, -34, 1616
435, 1628, -513, -168, 135, 1539
421, 1576, -432, -161, 242, 1446
443, 1538, -256, -52, 288, 1249
430, 1551, -183, -6, 257, 1148
400, 1595, -185, -51, 157, 1057
378, 1652, -269, -138, 55, 978
361, 1704, -380, -207, 30, 921
361, 1716, -476, -367, 85, 871
377, 1694, -505, -483, 225, 829
378, 1699, -354, -394, 406, 788
358, 1740, -202, -322, 453, 749
343, 1783, -97, -325, 382, 709
323, 1834, -84, -342, 255, 682
307, 1908, -129, -328, 134, 670
298, 1952, -227, -286, 67, 670
316, 1963, -311, -321, 80, 680
342, 1955, -332, -393, 155, 686
347, 1954, -253, -398, 253, 691
