258, 1962, 678, 681, -512, -639
250, 1970, 703, 667, -536, -662
211, 2001, 724, 652, -574, -683
180, 2036, 691, 625, -617, -691
168, 2043, 649, 619, -632, -689
139, 2044, 661, 864, -598, -674
131, 2053, 657, 1239, -584, -656
139, 2080, 702, 1422, -576, -650
141, 2112, 733, 1431, -626, -640
150, 2124, 705, 1192, -741, -628
140, 2131, 650, 885, -842, -608
139, 2123, 557, 592, -918, -586
143, 2129, 507, 578, -895, -549
145, 2138, 499, 703, -834, -493
136, 2125, 529, 916, -782, -435
118, 2118, 552, 1141, -781, -407
101, 2116, 519, 1136, -831, -383
103, 2121, 446, 1027, -880, -357
93, 2121, 392, 939, -865, -327
99, 2098, 355, 688, -860, -302
99, 2058, 333, 342, -857, -277
93, 2017, 281, 185, -841, -258
94, 1995, 261, 267, -763, -244
91, 1994, 262, 316, -692, -239
89, 2001, 286, 229, -648, -237
96, 2000, 285, 239, -630, -229
97, 2009, 261, 417, -601, -222
117, 2014, 209, 489, -563, -215
134, 1997, 176, 469, -496, -208
144, 1980, 161, 487, -418, -208
155, 1972, 172, 388, -357, -227
172, 1978, 183, 214, -315, -241
165, 1983, 191, 211, -268, -260
161, 1996, 153, 202, -226, -280
159, 2024, 148, 199, -151, -298
153, 2037, 173, 155, -77, -293
130, 2030, 206, 63, -13, -291
99, 2030, 237, -16, 17, -296
74, 2078, 252, -188, 74, -293
59, 2129, 264, -96, 117, -269
71, 2171, 291, -112, 160, -238
73, 2195, 276, -112, 176, -189
45, 2218, 279, -27, 205, -144
33, 2267, 264, 115, 260, -89
37, 2337, 235, 273, 323, -23
34, 2425, 249, 306, 402, 67
33, 2503, 301, 231, 456, 181
30, 2565, 320, 105, 464, 305
-14, 2635, 282, 99, 467, 440
-48, 2777, 259, 106, 502, 586
-17, 3040, 322, -72, 561, 756
-36, 3264, 424, -582, 555, 1018
-152, 3546, 520, 33, 568, 1363
-322, 4097, 466, 1633, 577, 1887
-776, 4512, 442, 3098, 710, 2709
-1481, 5124, 385, 8802, 931, 3952
-2533, 7109, 558, 12147, 1089, 5368
-4174, 6928, -504, 6803, 205, 7005
-5392, 7484, -1645, 13921, 1259, 9051
-6621, 8451, -226, 12099, 2922, 11146
-7647, 8234, 400, 1254, 1618, 13323
-8829, 8123, 1, -4702, -101, 15708
-9715, 8221, -1422, -7828, -1466, 18335
-10274, 8252, -2930, -9005, -1687, 21196
-10977, 8112, -4120, -9218, -990, 24202
-11469, 7825, -4176, -10605, 148, 27223
-12150, 7350, -4586, -11766, 384, 30292
-12721, 6638, -5232, -11597, 968, 32763
-13209, 5451, -5551, -11172, 1862, 32767
-13842, 3392, -5638, -13028, 2748, 32731
-14161, 1325, -5560, -13165, 3528, 32763
-13977, -51, -4672, -10450, 4797, 32767
-13752, -1871, -3519, -14027, 4842, 32767
-13888, -5009, -2960, -23353, 3163, 32767
-13498, -8536, -2874, -23223, 1403, 32767
-12375, -10156, -1891, -13243, 1291, 32767
-10528, -11258, -2274, -12230, 276, 32767
-8570, -12154, -3064, -11143, 98, 32767
-7233, -13198, -2163, -7610, 1247, 32767
-5658, -15203, -1636, -6241, 1419, 32280
-3797, -16114, -509, -4910, 1406, 29439
-1726, -16082, -1046, -6862, -212, 25840
78, -15485, -2381, -7791, -779, 22651
1264, -14042, -3106, -5549, 122, 19884
2012, -12812, -3709, -3037, 2086, 17668
2169, -12371, -2088, -1396, 5174, 15799
2126, -12715, 1209, -453, 7038, 13880
2062, -13691, 3632, 282, 5966, 11587
1959, -14009, 3103, 350, 3185, 8769
1735, -13313, 1364, -667, 1553, 5829
1859, -11540, -243, -1192, 1547, 3216
2219, -9089, -879, 330, 3065, 1277
2396, -6816, 227, 1536, 5180, 44
2430, -5582, 2345, 1335, 6152, -690
2290, -4993, 3933, 1595, 5441, -1302
2048, -4316, 4291, 2219, 3700, -1958
1675, -3740, 3406, 2298, 1990, -2608
1232, -2998, 2427, 1883, 1056, -3233
1053, -1852, 1259, 1375, 715, -3655
1015, -559, 983, 1899, 1384, -3661
1095, 335, 1447, 3270, 2063, -3197
1073, 1194, 2448, 3877, 2292, -2555
1070, 721, 3138, -693, 1453, -1986
724, 18, 2852, 120, -632, -984
563, -147, 1875, 312, -1505, -686
535, -71, 888, 540, -1635, -406
600, -2, 492, 348, -1160, -44
659, -280, 719, -320, -590, 377
704, -819, 1250, -659, -373, 725
733, -1374, 1668, -727, -622, 915
753, -1876, 1724, -1009, -1279, 926
727, -2215, 1120, -909, -2023, 774
727, -2255, 253, -846, -2291, 530
782, -2071, -504, -451, -1964, 320
854, -1896, -703, -2, -1126, 208
857, -1914, -445, -57, -330, 158
862, -1967, 49, -8, 177, 113
863, -1978, 484, 85, 242, 39
838, -1926, 524, 75, 9, -62
838, -1825, 297, 112, -125, -162
837, -1673, 93, 218, 1, -233
849, -1546, -32, 200, 243, -265
848, -1549, -28, 83, 555, -265
825, -1534, 114, 113, 895, -258
787, -1476, 408, 134, 1159, -236
754, -1435, 759, 151, 1256, -201
755, -1384, 994, 209, 1101, -186
771, -1306, 984, 167, 836, -185
755, -1215, 834, 110, 642, -164
751, -1193, 661, -69, 639, -101
753, -1316, 728, -176, 823, -18
763, -1521, 874, -95, 971, 46
768, -1628, 1201, 153, 1103, 80
797, -1668, 1525, 164, 965, 80
827, -1591, 1655, 101, 602, 61
870, -1409, 1496, 8, 177, 78
895, -1368, 1295, -200, -43, 136
881, -1484, 1154, -378, -87, 191
836, -1607, 1139, -463, -77, 198
797, -1686, 1131, -379, -115, 173
785, -1634, 1101, -163, -160, 137
823, -1514, 1072, -83, -233, 116
884, -1386, 1005, 13, -301, 140
928, -1308, 930, -43, -342, 196
966, -1303, 845, -269, -370, 267
969, -1382, 777, -310, -339, 339
956, -1520, 726, -321, -268, 369
900, -1615, 780, -321, -193, 364
869, -1630, 785, -327, -217, 343
856, -1599, 760, -251, -232, 322
829, -1563, 643, -4, -204, 316
835, -1512, 670, 230, -50, 329
866, -1530, 744, 206, 0, 360
908, -1581, 753, 94, -2, 377
930, -1679, 788, -127, -25, 366
964, -1750, 742, -216, -68, 324
949, -1744, 675, -255, -83, 270
992, -1681, 618, -341, -2, 225
966, -1715, 744, -217, 196, 184
953, -1724, 786, -239, 151, 165
974, -1800, 789, -177, 157, 135
966, -1891, 857, -39, 215, 68
967, -1958, 873, -38, 175, -16
964, -1992, 865, -28, 141, -124
946, -2004, 815, -16, 113, -235
942, -1969, 787, 3, 151, -342
954, -1888, 795, -14, 187, -427
979, -1731, 967, 230, 335, -524
997, -1674, 1075, 271, 296, -547
1000, -1631, 1158, 295, 177, -562
981, -1626, 1066, 277, -12, -570
955, -1654, 902, 185, -117, -590
957, -1673, 778, 256, -63, -608
957, -1653, 759, 361, 64, -625
978, -1608, 859, 333, 171, -636
1010, -1557, 1002, 305, 196, -653
1015, -1525, 1094, 319, 110, -651
986, -1549, 1059, 198, -51, -649
985, -1569, 922, 174, -178, -654
954, -1578, 820, 234, -165, -654
944, -1594, 774, 245, -96, -660
931, -1602, 786, 332, -12, -656
921, -1596, 811, 434, 38, -664
933, -1572, 876, 493, 74, -676
949, -1542, 924, 454, 63, -679
935, -1520, 954, 428, 26, -675
931, -1534, 1019, 418, -56, -670
929, -1562, 887, 318, -175, -678
925, -1555, 765, 293, -209, -680
926, -1572, 695, 313, -130, -686
914, -1619, 738, 370, -67, -691
920, -1669, 677, 422, -72, -710
953, -1707, 727, 559, 38, -737
981, -1708, 796, 720, 171, -777
992, -1709, 941, 747, 208, -828
999, -1686, 899, 561, 50, -870
1026, -1707, 717, 352, -98, -904
1032, -1722, 665, 320, 2, -947
1029, -1735, 656, 349, 73, -998
