1480, -515, -835, -405, -543, -236
1477, -501, -866, -353, -542, -259
1472, -500, -859, -233, -513, -275
1469, -497, -857, -193, -515, -296
1459, -507, -897, -279, -543, -332
1452, -472, -943, -374, -550, -365
1435, -464, -975, -336, -512, -382
1422, -445, -946, -76, -438, -392
1403, -413, -930, 78, -420, -400
1389, -391, -966, 50, -437, -396
1392, -382, -1009, 5, -419, -391
1412, -356, -1034, -18, -383, -380
1433, -319, -1077, -139, -342, -364
1413, -309, -1017, -230, -267, -338
1400, -316, -966, -164, -245, -307
1406, -316, -968, -225, -271, -304
1401, -277, -1119, -280, -251, -272
1419, -261, -1130, -135, -152, -247
1418, -243, -1116, -5, -70, -216
1415, -231, -1111, 33, -14, -175
1416, -206, -1085, 3, 39, -134
1451, -190, -1053, -132, 63, -95
1502, -180, -1089, -357, 72, -62
1474, -176, -997, -284, 154, -26
1477, -188, -962, -141, 140, -1
1482, -188, -964, 1, 134, 25
1482, -177, -991, 43, 130, 55
1476, -194, -1015, -18, 157, 84
1467, -219, -1004, 36, 195, 118
1455, -236, -998, 107, 225, 151
1456, -256, -963, 18, 243, 172
1465, -293, -992, -117, 231, 195
1453, -303, -970, 42, 283, 220
1459, -315, -926, 201, 330, 234
1450, -347, -867, 238, 334, 243
1445, -376, -849, 223, 289, 246
1446, -433, -875, 158, 256, 250
1477, -510, -899, 129, 252, 235
1499, -582, -910, 177, 271, 214
1505, -669, -868, 223, 297, 176
1508, -782, -840, 150, 282, 119
1506, -888, -792, 85, 245, 28
1513, -1000, -736, 106, 191, -76
1527, -1130, -741, 46, 61, -216
1532, -1299, -776, -167, -67, -384
1567, -1501, -845, -469, -195, -595
1603, -1740, -939, -677, -290, -866
1621, -2085, -1005, -741, -324, -1187
1648, -2524, -1038, -936, -342, -1606
1631, -2966, -1123, -1341, -399, -2158
1550, -3325, -1192, -1680, -381, -2814
1451, -3690, -1318, -2112, -335, -3545
1351, -3971, -1415, -2069, -412, -4261
1313, -4067, -1503, -1316, -282, -5019
1145, -4091, -1474, -644, -95, -5752
951, -4059, -1405, -420, 6, -6506
808, -3962, -1207, -190, 80, -7254
691, -3824, -1140, 491, 31, -7977
531, -3677, -1116, 1547, 56, -8678
300, -3562, -1084, 2850, 127, -9355
101, -3466, -1025, 4152, 242, -10004
-56, -3318, -772, 5399, 339, -10603
-194, -3177, -556, 6112, 242, -11153
-305, -3115, -415, 6226, -9, -11676
-446, -3005, -337, 6441, -280, -12162
-602, -2820, -269, 6361, -593, -12603
-774, -2701, -213, 6073, -938, -12988
-953, -2607, -258, 6266, -1262, -13308
-1094, -2624, -255, 6461, -1504, -13595
-1314, -2849, -145, 6933, -1670, -13887
-1770, -3112, 143, 8606, -1870, -14214
-2164, -3138, 131, 10370, -2242, -14490
-2453, -3049, 513, 7810, -2670, -14717
-2621, -3235, 1067, 2501, -3465, -15010
-2792, -3793, 1145, -2288, -4343, -15543
-3120, -4206, 1329, -6062, -4889, -16312
-3050, -4561, 1454, -6298, -5288, -17290
-3459, -5095, 654, -1431, -5700, -18398
-4533, -4910, -114, 2812, -5649, -19462
-4844, -4477, -1032, 393, -6312, -20547
-5228, -4395, -3100, -8519, -3493, -23154
-6693, -3111, -389, -1765, -543, -24315
-8300, -708, 1831, 7285, -213, -25262
-9158, 12338, -667, 22202, -4646, -16022
-872, 3590, -19910, -4876, -6541, 3517
388, -20480, -3018, -21953, -6292, -3556
511, 367, -7334, 32767, -2584, 2353
-943, 4723, -907, 32767, 5727, 3892
-171, -1137, 1521, -6545, -8018, 1330
416, -929, -9995, -32768, -9263, -3997
356, -1051, -3981, -12641, -4563, -1802
621, 2627, -6474, 27942, 2572, -1281
196, 4475, -2242, 27130, 4222, -519
312, 4351, -1839, -1623, -796, -1269
434, 2003, -3656, -21069, -2942, -1689
473, 1265, -3846, -11430, -2041, -1117
684, 2601, -4830, 4960, 685, -600
521, 3736, -3954, 10120, 2922, 5
523, 3621, -3570, 1860, 2794, 301
536, 2855, -3053, -5197, 2771, 591
545, 2634, -1998, -420, 3748, 1216
492, 2671, -710, 3431, 4279, 1699
592, 2445, -153, -828, 2938, 1801
678, 1833, -380, -5614, 1429, 1963
707, 1288, -739, -5650, 856, 2133
847, 1071, -1243, -2852, 946, 2196
977, 947, -1528, -1420, 1270, 2145
1040, 667, -1617, -1756, 1519, 2008
996, 274, -1252, -2038, 1850, 1817
898, -53, -602, -915, 2146, 1540
808, 22, -117, 850, 2066, 1265
723, 204, 140, 1098, 1629, 1006
724, 360, -83, -39, 995, 719
768, 446, -361, -901, 643, 525
809, 511, -405, -962, 585, 395
830, 589, -278, -628, 581, 289
773, 670, -22, -380, 444, 177
658, 801, 180, -152, 99, 51
552, 990, 152, 342, -380, -19
451, 1208, -224, 729, -858, -49
444, 1336, -752, 672, -1117, -16
510, 1365, -1210, 584, -1137, 88
512, 1310, -1322, 681, -961, 206
490, 1243, -1167, 856, -787, 274
431, 1203, -929, 1145, -770, 305
371, 1214, -884, 1406, -1013, 329
373, 1288, -1234, 1003, -1388, 335
380, 1308, -1780, 136, -1621, 337
440, 1323, -2285, -400, -1504, 360
557, 1282, -2516, -793, -1047, 415
590, 1153, -2333, -1067, -503, 462
651, 1053, -1965, -523, -39, 484
620, 1064, -1461, 412, 161, 477
624, 1182, -1416, 457, -111, 450
636, 1205, -1719, -270, -362, 407
675, 1273, -2111, -391, -282, 414
712, 1292, -2235, -408, 135, 446
738, 1233, -2058, -55, 616, 502
757, 1137, -1612, 169, 980, 541
755, 1052, -1152, 218, 1044, 545
725, 1051, -809, 553, 902, 532
691, 1153, -731, 622, 512, 491
680, 1266, -1099, -29, 17, 448
695, 1317, -1533, -532, -126, 461
708, 1331, -1803, -766, 20, 511
740, 1064, -1515, -1241, 438, 621
759, 857, -1178, -1009, 601, 591
735, 806, -853, -26, 595, 515
702, 946, -771, 486, 309, 422
697, 1030, -1056, -123, -57, 333
709, 1099, -1446, -503, -175, 283
708, 1161, -1624, -435, 37, 274
697, 1145, -1600, -376, 338, 282
712, 1077, -1394, -223, 590, 278
726, 1026, -1097, 77, 690, 254
707, 1044, -865, 256, 572, 208
667, 1150, -865, 423, 313, 176
650, 1268, -1058, 277, 89, 158
644, 1378, -1385, -155, -34, 182
680, 1408, -1617, -451, 86, 245
688, 1395, -1616, -376, 366, 320
674, 1399, -1438, -66, 656, 388
651, 1422, -1149, 229, 778, 467
625, 1454, -946, 332, 681, 537
624, 1500, -934, 258, 469, 592
653, 1508, -1081, 19, 261, 671
684, 1458, -1271, -327, 162, 749
711, 1404, -1391, -384, 233, 819
737, 1336, -1332, -267, 375, 885
772, 1268, -1153, -172, 451, 918
739, 1264, -992, -1, 381, 940
709, 1330, -944, 310, 212, 955
698, 1431, -1103, 313, 8, 974
731, 1439, -1349, 96, -78, 1032
777, 1392, -1491, -97, -6, 1094
793, 1327, -1509, -238, 145, 1139
801, 1285, -1369, -133, 294, 1176
810, 1230, -1249, -197, 300, 1205
781, 1227, -1177, -239, 221, 1214
707, 1332, -1200, -117, 112, 1252
674, 1433, -1444, -279, -34, 1294
690, 1495, -1813, 244, 27, 1399
605, 1570, -1949, 927, 371, 1543
611, 1593, -1991, 706, 648, 1687
641, 1395, -1901, -125, 879, 1784
707, 1231, -1703, -186, 1094, 1863
770, 1183, -1445, -53, 1191, 1876
768, 1136, -1255, -320, 1078, 1863
880, 1041, -1439, -1538, 761, 1816
928, 895, -1717, -2331, 719, 1768
947, 824, -1672, -1605, 1058, 1711
1060, 872, -1546, -183, 1405, 1655
1069, 892, -1253, 88, 1665, 1573
1041, 885, -775, -480, 1583, 1499
1065, 849, -751, -1092, 1250, 1406
1066, 864, -721, -1487, 936, 1331
1054, 870, -1056, -1586, 698, 1263
991, 882, -1215, -778, 774, 1233
906, 988, -1355, 6, 932, 1215
