1341, -513, -1061, -31, 112, 171
1335, -505, -1053, 30, 140, 167
1326, -501, -1043, 52, 147, 169
1324, -500, -1040, 27, 139, 171
1327, -501, -1029, -17, 139, 173
1333, -501, -1042, -35, 124, 176
1338, -522, -1088, -56, 129, 172
1340, -541, -1094, -3, 164, 161
1334, -538, -1082, 48, 204, 158
1328, -548, -1072, 68, 232, 145
1321, -546, -1051, 140, 262, 137
1336, -542, -1037, 139, 275, 128
1339, -553, -1019, 42, 286, 115
1328, -554, -984, 75, 285, 100
1333, -557, -983, 129, 276, 90
1334, -565, -985, 103, 272, 71
1332, -560, -977, 107, 271, 56
1328, -558, -982, 111, 268, 48
1325, -581, -964, 110, 288, 41
1344, -587, -940, 170, 286, 26
1347, -585, -939, 142, 264, 1
1349, -577, -927, 60, 241, -24
1358, -563, -908, 98, 232, -34
1361, -568, -902, 106, 220, -45
1357, -564, -897, 98, 196, -59
1347, -552, -887, 64, 159, -65
1353, -545, -882, -2, 138, -75
1352, -535, -886, -37, 110, -75
1359, -529, -883, -21, 97, -67
1359, -519, -875, -10, 77, -73
1355, -522, -859, 13, 46, -64
1359, -516, -872, -9, 12, -61
1364, -501, -874, -120, -28, -64
1359, -484, -896, -164, -62, -61
1362, -473, -895, -144, -80, -43
1348, -471, -890, -109, -94, -24
1342, -473, -908, -136, -134, -5
1342, -471, -947, -194, -162, 8
1346, -476, -960, -227, -149, 21
1347, -474, -938, -188, -146, 39
1343, -460, -949, -193, -164, 58
1338, -456, -941, -214, -174, 66
1342, -445, -950, -136, -184, 81
1340, -453, -972, -70, -193, 101
1349, -469, -996, -91, -200, 119
1359, -484, -1015, -151, -202, 129
1373, -487, -1037, -275, -207, 144
1382, -482, -1069, -264, -198, 157
1393, -486, -1079, -194, -173, 162
1397, -502, -1067, -70, -160, 173
1395, -525, -1110, 10, -179, 180
1406, -540, -1186, 1, -178, 173
1421, -549, -1252, 42, -132, 184
1437, -557, -1285, 188, -51, 187
1438, -567, -1289, 384, 47, 191
1427, -594, -1263, 573, 157, 199
1401, -630, -1202, 759, 241, 190
1385, -655, -1156, 890, 278, 176
1369, -688, -1129, 889, 290, 157
1373, -721, -1119, 816, 291, 128
1367, -767, -1124, 701, 279, 95
1339, -837, -1101, 499, 274, 52
1389, -922, -1059, 50, 225, 0
1451, -1118, -1129, -67, 163, -53
1437, -1274, -1212, 428, 252, -127
1412, -1423, -1154, 904, 418, -226
1404, -1608, -983, 1138, 542, -346
1365, -1848, -859, 1129, 523, -511
1322, -2190, -747, 1167, 487, -752
1282, -2574, -574, 1592, 422, -1107
1249, -2882, -486, 2102, 262, -1550
1200, -3198, -500, 1957, -3, -2032
1168, -3607, -595, 1289, -287, -2561
1139, -3991, -605, 1240, -417, -3134
1003, -4357, -565, 2410, -468, -3748
845, -4572, -610, 3973, -494, -4432
755, -4662, -632, 5445, -437, -5147
691, -4914, -558, 7881, -271, -5863
504, -4899, -494, 12830, 3, -6518
189, -4743, -297, 17301, 219, -7050
-112, -5103, -224, 20052, 111, -7547
-282, -5428, 46, 23942, 148, -8042
-460, -5466, 689, 26136, -65, -8586
-809, -5373, 1880, 21056, -1203, -9207
-1374, -5519, 2685, 12484, -3326, -9938
-2127, -6481, 2484, 3872, -5822, -10838
-2843, -7774, 2249, -2020, -7248, -12144
-3415, -8827, 2060, -4348, -8639, -13794
-3974, -9046, 920, -7577, -9783, -15717
-4654, -8682, 214, -13176, -10177, -17549
-5266, -9726, -873, -18676, -9473, -19458
-6322, -10402, 97, -18770, -7193, -21691
-7496, -9293, 2034, -14775, -6146, -24009
-8270, -7100, 1633, -12700, -7805, -25914
-8374, -8236, -3125, -13977, -8788, -27284
-8704, -9252, -4593, -12625, -4264, -29224
-10526, -6709, -3189, -4314, 369, -31210
-13327, -2996, 674, 155, 3399, -32722
-15799, 2374, 4058, 10179, 2126, -32768
-16578, 11011, 2452, 13641, -5235, -32641
-15008, 14557, -3667, -8126, -10128, -32249
-12883, 15974, -7921, -9577, -6579, -30145
-6800, 19404, -9501, 5498, -1252, -21442
956, 8516, -1444, -1033, 7236, 2126
-2418, -13869, -12718, -24942, -12045, -6647
-1229, 8191, -1363, 32767, 11132, 8071
1014, 10829, -353, 12407, 1955, 9404
1619, -4963, -7503, -32768, -1445, 1430
2130, -8249, 4, -25235, -655, 1778
3128, -4779, -1371, 16853, 3816, 2330
2242, -3320, 4682, 25427, 7502, 1416
1748, -755, 233, -12633, -6145, -3393
1658, 4749, -1274, 16776, -2917, -980
1548, 6000, -2950, 16191, -1220, -587
1220, 4787, -6221, -12021, -3027, -833
1121, 3893, -4301, 4760, 654, 563
1021, 2729, -2969, 6122, 1990, 1018
919, 754, -2047, -6691, 1402, 847
810, -184, -541, -6336, 1300, 766
721, 315, 162, 130, 1081, 630
799, 717, 184, 363, 249, 383
911, 638, -617, -2401, -853, 83
932, 751, -1953, -2772, -1205, -194
892, 1202, -2917, -1382, -474, -393
804, 1655, -2772, 444, 881, -428
612, 1877, -1842, 1933, 2020, -331
392, 1767, -664, 1705, 2201, -173
248, 1546, -267, 106, 1450, -65
270, 1345, -431, -1010, 722, 49
488, 1145, -812, -1494, 334, 118
641, 929, -1176, -1336, 429, 106
731, 756, -1164, 167, 865, 84
739, 744, -727, 2374, 1399, 67
691, 1111, -27, 1562, 1343, -79
588, 1331, 248, -2614, 564, -395
515, 1403, 141, -4660, -733, -278
516, 1042, -190, -4833, -1395, -177
530, 950, -509, -1900, -1435, -112
555, 1061, -799, -588, -1497, -114
602, 991, -1213, -1119, -1371, -227
615, 985, -1370, -36, -987, -258
588, 1163, -1216, 1694, -686, -241
537, 1441, -1220, 1921, -923, -173
550, 1500, -1502, 85, -1299, -153
563, 1436, -1718, -688, -1197, -147
534, 1481, -1658, -9, -878, -121
517, 1564, -1648, 158, -801, -77
540, 1545, -1794, -543, -791, -38
581, 1489, -1939, -771, -647, 25
577, 1581, -1978, -200, -320, 108
538, 1767, -1828, 433, 15, 211
513, 1847, -1690, 261, 146, 315
505, 1807, -1548, 6, 217, 428
522, 1722, -1422, -116, 174, 524
565, 1611, -1530, -270, 51, 593
629, 1454, -1699, -705, 14, 657
697, 1237, -1899, -1240, 106, 672
727, 1073, -1845, -1091, 440, 661
720, 1080, -1554, -183, 800, 634
713, 1132, -1246, 117, 920, 578
697, 1109, -1027, -70, 795, 506
701, 1083, -986, -60, 588, 448
727, 1017, -1096, -306, 404, 389
765, 947, -1259, -500, 346, 336
772, 870, -1317, -616, 435, 269
742, 871, -1222, -321, 588, 196
699, 1002, -1098, -79, 636, 113
651, 1158, -1046, -120, 574, 52
624, 1294, -1045, 67, 541, 47
616, 1361, -976, 153, 548, 81
630, 1353, -877, -65, 470, 109
663, 1241, -861, -362, 346, 130
700, 1137, -850, -362, 280, 124
708, 1130, -814, -159, 213, 93
650, 1270, -839, -27, 112, 67
593, 1511, -1072, -32, -23, 99
595, 1571, -1104, -41, 28, 174
606, 1521, -1016, -153, 68, 245
634, 1425, -925, 2, 57, 306
637, 1346, -865, 106, -26, 339
625, 1354, -868, 131, -163, 362
630, 1343, -1010, -112, -317, 373
624, 1360, -1123, 154, -325, 404
619, 1437, -1211, -190, -364, 409
628, 1352, -1230, -570, -305, 446
646, 1282, -1145, -239, -197, 492
667, 1258, -1064, 78, -176, 507
682, 1266, -1045, 165, -233, 521
679, 1299, -1061, 179, -292, 525
667, 1321, -1096, 112, -334, 539
668, 1316, -1142, 128, -344, 558
662, 1267, -1144, 263, -330, 575
674, 1160, -1217, 24, -376, 570
730, 1008, -1280, -313, -364, 539
752, 922, -1247, -518, -326, 481
748, 859, -1201, -506, -308, 395
731, 909, -1186, -164, -281, 312
715, 969, -1226, -85, -292, 237
692, 996, -1328, -3, -287, 164
