844, 1485, 905, -751, 236, 959
842, 1470, 890, -659, 261, 892
862, 1457, 933, -459, 295, 833
884, 1431, 972, -331, 272, 765
900, 1416, 966, -248, 210, 678
894, 1414, 943, -145, 158, 587
894, 1415, 917, -103, 125, 499
883, 1418, 887, -44, 97, 415
888, 1426, 864, 21, 87, 337
894, 1438, 850, 68, 87, 260
900, 1457, 855, 65, 78, 182
906, 1465, 828, 47, 43, 116
901, 1470, 792, 74, 37, 44
894, 1470, 759, 160, 48, -27
875, 1473, 738, 284, 78, -90
866, 1486, 733, 379, 114, -159
857, 1531, 736, 415, 146, -223
848, 1570, 751, 422, 158, -279
839, 1607, 759, 371, 155, -320
825, 1642, 779, 367, 152, -353
800, 1693, 761, 289, 105, -375
751, 1755, 688, -43, 93, -380
722, 1794, 692, -64, 121, -372
686, 1874, 725, -106, 142, -349
642, 2014, 766, -346, 116, -303
637, 2222, 734, -471, 63, -213
646, 2493, 683, -661, 14, -51
623, 2774, 624, -1617, -67, 186
532, 3038, 596, -2793, -114, 503
411, 3316, 645, -3742, -133, 889
261, 3544, 676, -4832, -221, 1343
94, 3789, 745, -4453, -242, 1879
-158, 4136, 697, -2768, -261, 2531
-490, 4561, 456, -849, -223, 3307
-966, 4996, 319, 1689, 94, 4249
-1695, 5434, 276, 4167, 385, 5298
-2629, 6032, 220, 5536, 454, 6454
-3695, 6598, -38, 5161, 238, 7808
-4858, 6711, -310, 3982, 132, 9299
-6303, 6656, -465, 4176, 146, 10965
-7734, 6494, -957, 4033, 66, 12658
-8627, 6901, -1143, 2372, 445, 14354
-9442, 7342, -94, -3292, 570, 16151
-10018, 7836, 391, -9273, -708, 18280
-10502, 8288, 222, -14636, -2578, 20686
-11350, 8749, -812, -15017, -4021, 23510
-12446, 8976, -1558, -13327, -4278, 26625
-13260, 9365, -1671, -10139, -3921, 30014
-13646, 9399, -1681, -7862, -3657, 32767
-14487, 8257, -1364, -7810, -3718, 32767
-15888, 5912, -2315, -5506, -4522, 32721
-17261, 2852, -3876, -5148, -4583, 32765
-18466, -1439, -5446, -9828, -3965, 32767
-18267, -5220, -5660, -15027, -3365, 32767
-17358, -9265, -5190, -16336, -3000, 32767
-16740, -14371, -3871, -11252, -2513, 32767
-14832, -18900, -3553, -9837, -3411, 32767
-11821, -21957, -5315, -8851, -4871, 32767
-8588, -22953, -6822, -8134, -4237, 32767
-5641, -23395, -7008, -8418, -2629, 31923
-3399, -24259, -6702, -6015, -427, 27850
-1030, -23452, -4825, -1055, 2308, 23349
1062, -21412, -2554, -304, 3404, 19130
2702, -18668, -1923, -315, 3212, 15237
3595, -16205, -1682, -684, 3479, 11984
3764, -14988, -1207, -809, 4346, 9228
3504, -14274, -459, -328, 5012, 6595
3163, -13553, 252, -115, 5332, 3978
2899, -12115, 789, 1090, 5146, 1428
2715, -9989, 499, 1787, 4759, -769
2532, -7639, 570, 2234, 5078, -2356
2312, -5470, 1435, 2190, 5637, -3356
2055, -4080, 2520, 2310, 5620, -3873
1652, -3280, 3520, 1814, 5002, -4228
1251, -2824, 4044, 1330, 3816, -4550
869, -2399, 4072, 2505, 2590, -4764
668, -1539, 3686, 4856, 1485, -4781
624, -247, 3387, 5311, 712, -4641
704, 631, 3051, 4044, -83, -4276
707, 1150, 2655, 2336, -588, -3640
560, 574, 2611, 220, -704, -2944
271, -162, 2926, 485, -906, -2371
28, -782, 2931, 762, -1540, -2024
-97, -1230, 2795, 480, -2316, -1873
-72, -1365, 2196, -86, -3267, -1846
130, -1103, 1245, -439, -3916, -1798
490, -523, -274, -191, -3412, -1269
514, -918, -303, -323, -2680, -898
451, -1462, 70, -22, -2141, -701
393, -1890, 283, 429, -2198, -672
424, -2054, 3, 351, -2504, -772
522, -1901, -594, -301, -2518, -926
648, -1537, -1117, -89, -2400, -974
725, -1307, -1663, -181, -1807, -916
687, -1268, -1792, -706, -984, -788
711, -1396, -1341, -764, -111, -698
656, -1641, -670, 266, 212, -652
651, -1699, -824, 308, 329, -631
608, -1580, -484, 488, 763, -644
622, -1515, -341, 450, 935, -593
623, -1457, -181, 361, 1018, -541
645, -1587, -290, 122, 997, -474
641, -1769, 0, -37, 1321, -488
638, -1752, 250, -29, 1424, -517
650, -1650, 349, 11, 1473, -498
655, -1548, 592, 121, 1659, -458
617, -1440, 1015, 305, 1759, -406
579, -1359, 1388, 402, 1562, -345
533, -1353, 1497, 362, 1119, -274
513, -1494, 1293, 121, 624, -200
546, -1672, 959, -52, 376, -166
591, -1750, 808, -182, 411, -172
642, -1714, 839, -245, 529, -178
642, -1593, 1064, -88, 647, -158
614, -1509, 1324, 32, 581, -110
594, -1490, 1565, -64, 317, -59
614, -1562, 1566, -364, -188, -11
641, -1727, 1149, -499, -699, 18
670, -1858, 685, -512, -823, 16
712, -1945, 455, -429, -643, -10
740, -1963, 421, -179, -396, -56
754, -1902, 478, 57, -198, -109
769, -1784, 599, 175, -84, -150
760, -1688, 757, 142, -95, -169
744, -1662, 816, -28, -259, -169
761, -1656, 670, -141, -446, -169
769, -1639, 510, -137, -499, -167
794, -1711, 327, -97, -450, -149
804, -1774, 308, -95, -260, -147
820, -1792, 323, -76, -144, -166
828, -1766, 364, -80, -50, -184
831, -1728, 411, -123, -14, -196
813, -1696, 356, -69, 24, -220
774, -1697, 449, -14, 99, -214
772, -1730, 396, -6, 92, -199
769, -1738, 457, -3, 162, -207
772, -1749, 467, 25, 179, -221
783, -1715, 458, 89, 190, -238
789, -1654, 447, 120, 221, -231
779, -1599, 467, 130, 279, -221
778, -1534, 536, 59, 328, -196
765, -1463, 613, -2, 321, -161
750, -1458, 639, -109, 276, -109
735, -1498, 660, -193, 240, -50
747, -1543, 701, -141, 214, 7
757, -1592, 727, -69, 171, 40
764, -1647, 683, -20, 92, 63
770, -1677, 595, -35, 70, 71
778, -1698, 569, -26, 112, 75
788, -1719, 627, -48, 178, 84
814, -1780, 759, -69, 171, 61
806, -1828, 773, -108, 81, 41
812, -1902, 705, -77, -7, 3
802, -1934, 640, 29, -10, -49
793, -1935, 650, 89, 24, -100
788, -1943, 605, 134, 16, -162
798, -1885, 628, 209, 46, -226
822, -1812, 601, 170, 30, -272
849, -1778, 611, 118, 54, -296
867, -1766, 624, 78, 44, -317
877, -1769, 589, 67, 15, -329
872, -1801, 557, 52, 26, -331
853, -1837, 546, 100, 78, -344
841, -1843, 610, 148, 124, -370
833, -1851, 622, 131, 94, -407
838, -1844, 621, 62, 56, -442
849, -1812, 619, 12, 19, -489
872, -1806, 567, -13, -23, -520
885, -1818, 516, 13, -19, -538
895, -1856, 467, 69, 24, -559
889, -1888, 444, 206, 97, -582
885, -1921, 461, 352, 179, -621
865, -1957, 555, 293, 253, -670
855, -1987, 618, 89, 206, -744
872, -1984, 607, -20, 125, -828
900, -1963, 556, -7, 79, -908
921, -1955, 480, -22, 69, -975
941, -1965, 442, -27, 141, -1034
962, -1975, 443, 77, 233, -1087
973, -1995, 467, 233, 311, -1136
981, -2025, 478, 398, 357, -1192
980, -2065, 503, 473, 411, -1256
981, -2144, 494, 521, 437, -1337
999, -2214, 464, 689, 474, -1443
1007, -2289, 452, 1001, 575, -1553
1018, -2388, 463, 1529, 731, -1676
1015, -2471, 572, 2139, 897, -1818
1013, -2594, 652, 2627, 934, -1978
1029, -2730, 662, 3024, 949, -2171
1038, -2795, 791, 3285, 1003, -2397
1033, -2882, 883, 3304, 918, -2662
988, -2966, 835, 3266, 755, -2972
939, -3018, 702, 3214, 662, -3301
898, -3062, 601, 3402, 713, -3633
864, -3066, 610, 3959, 854, -3974
842, -3033, 670, 4353, 932, -4321
832, -2977, 680, 4318, 899, -4678
825, -2866, 665, 4114, 855, -5035
853, -2695, 659, 3842, 823, -5370
