1456, -366, -756, 327, 509, 515
1463, -367, -753, 294, 471, 509
1472, -385, -766, 253, 440, 510
1470, -398, -753, 203, 416, 497
1478, -402, -742, 160, 385, 481
1481, -415, -742, 104, 343, 475
1474, -442, -731, -62, 279, 449
1483, -445, -735, -132, 226, 433
1493, -452, -753, -143, 194, 409
1482, -451, -743, -140, 181, 384
1475, -443, -742, -155, 146, 363
1467, -447, -752, -128, 121, 345
1460, -438, -757, -81, 101, 323
1457, -433, -769, -91, 69, 315
1455, -427, -784, -97, 50, 299
1441, -425, -785, -57, 43, 295
1434, -428, -790, -100, 12, 291
1423, -437, -800, -132, -1, 275
1420, -444, -805, -170, -25, 268
1421, -455, -818, -241, -57, 259
1440, -457, -851, -278, -86, 246
1461, -446, -894, -262, -94, 235
1470, -442, -910, -277, -62, 220
1470, -446, -887, -212, -24, 215
1462, -442, -848, -86, 1, 204
1456, -448, -841, -18, -29, 188
1467, -465, -861, -21, -53, 176
1481, -488, -880, -46, -72, 151
1485, -511, -915, -51, -78, 124
1478, -537, -931, -71, -81, 85
1479, -546, -963, -87, -75, 43
1479, -547, -974, -63, -49, 4
1483, -559, -962, 21, -15, -29
1469, -586, -947, 88, 11, -74
1467, -613, -933, 157, 16, -131
1471, -627, -955, 195, -3, -191
1473, -640, -989, 102, 5, -255
1481, -676, -979, 18, 33, -323
1479, -739, -949, -14, 49, -396
1469, -792, -930, 89, 54, -482
1466, -850, -895, 316, 51, -558
1453, -944, -889, 442, 17, -643
1438, -1063, -902, 459, -39, -753
1403, -1226, -945, 695, -73, -883
1394, -1396, -965, 989, -57, -1019
1405, -1643, -949, 864, -88, -1177
1398, -2011, -993, 676, -143, -1382
1321, -2385, -947, 701, -117, -1651
1172, -2728, -891, 1260, -98, -1990
1027, -3046, -755, 2464, -60, -2369
964, -3337, -709, 3952, -163, -2806
971, -3559, -614, 4382, -345, -3283
961, -3849, -530, 2908, -791, -3831
932, -4195, -670, 978, -1334, -4483
985, -4454, -801, 313, -1629, -5218
856, -4659, -963, 1879, -1598, -5992
631, -4840, -974, 4501, -1211, -6716
345, -5169, -534, 7042, -730, -7399
-89, -5540, -58, 11734, -522, -8059
-686, -5368, 593, 16368, -519, -8651
-1150, -4683, 1670, 11255, -1758, -9203
-1296, -4795, 1871, -2938, -4587, -9944
-1359, -6583, -152, -15166, -7066, -11067
-1869, -11339, -2600, -19366, -6233, -13207
-3579, -12575, -814, 1718, -1399, -15833
-4527, -9539, 2101, 10296, -1785, -18095
-5159, -10367, 412, -9297, -6487, -20664
-5555, -11245, -1263, -15725, -7016, -23342
-6609, -11355, -2244, -11733, -5712, -25949
-8130, -9689, -2044, -5769, -4145, -28549
-8489, -7004, -3382, 4891, -4442, -30076
-10576, -6099, -8981, -4289, 1971, -32768
-13961, -319, -4018, 18969, 8827, -32768
-15910, 4587, -23, 22468, 7292, -32744
-15987, 10421, 977, 7054, 564, -32768
-14889, 12155, -1875, -14077, -2637, -32578
-14293, 13645, -6241, -8992, -1152, -30463
5624, 16762, 1281, 13824, 10209, -1147
-6348, -8803, 6904, -30402, -5096, -13477
-1099, 591, -16702, 14166, -7780, 1092
-943, 15969, 7419, 32767, 17763, 11022
794, 5082, -8760, -18484, -4664, 5451
713, -3089, -5093, -32768, 2932, 1428
838, -3527, -2345, -6041, 1856, 3922
1315, -1936, -2464, 16607, 7937, 3872
1013, -3876, 3589, 12063, 7461, 2970
2394, -3685, -1399, -8649, 524, -117
2543, -5426, -1372, -19667, 713, -1560
2529, -5159, -2886, -10773, 1402, -2850
1784, -3493, -1831, 3332, 5009, -3489
-1172, 6571, -1082, 23615, 7785, -241
1332, 12596, 7071, 16449, 6109, 1816
272, 1442, 4849, -27089, -1878, -449
1172, -970, -944, -7653, -2527, 749
1649, 13, -182, 4248, -628, 874
1737, 55, -1281, 92, -1560, 293
1356, -277, -1394, -2137, -854, -198
821, 716, -185, 3878, -321, -295
530, 1934, -629, 5995, -928, -286
480, 2273, -1274, 2326, -1449, -182
649, 1762, -2036, -199, -1374, -31
711, 1123, -2017, -215, -537, 20
602, 1028, -1063, 1481, 181, 48
460, 1125, -326, 947, -95, -45
407, 1161, -239, -1094, -1096, -180
473, 1332, -1011, -2197, -1856, -223
594, 1380, -1975, -2119, -1852, -166
684, 1365, -2615, -1250, -1291, -91
687, 1310, -2536, 138, -216, -26
654, 1293, -1859, 1540, 753, 7
613, 1286, -1119, 2425, 1261, 1
610, 1437, -662, 1927, 1333, -123
629, 1652, -597, -1228, 845, -393
611, 1733, -868, -4849, -299, -470
658, 1498, -1625, -8095, -2081, -155
810, 981, -2405, -6497, -1820, 99
832, 1026, -2191, 484, 327, 147
803, 1466, -1567, 3179, 1073, 184
755, 1460, -1202, 247, 831, 79
716, 1373, -1086, -886, 704, -3
692, 1633, -923, 634, 675, 28
715, 1800, -1091, 873, 464, 91
738, 1782, -1365, -100, 352, 158
783, 1655, -1485, -519, 512, 250
796, 1565, -1278, -337, 806, 343
761, 1553, -919, -159, 926, 394
745, 1591, -657, -65, 818, 434
732, 1656, -591, -136, 580, 469
710, 1694, -670, -81, 400, 513
721, 1657, -711, 141, 342, 589
730, 1573, -708, 378, 287, 678
738, 1469, -742, 254, 157, 737
772, 1346, -828, -80, 98, 739
783, 1234, -828, -419, 104, 723
769, 1187, -787, -234, 96, 715
716, 1286, -792, 269, -99, 681
707, 1278, -896, 278, -200, 676
714, 1235, -987, 129, -240, 655
731, 1134, -1007, -154, -243, 626
753, 1018, -1053, -600, -279, 574
760, 904, -1062, -758, -240, 495
745, 967, -1007, -287, -164, 419
728, 1060, -1009, -390, -185, 341
719, 1147, -1091, -678, -234, 275
710, 1261, -1134, -593, -180, 245
711, 1332, -1104, -435, -86, 247
723, 1338, -1023, -405, -25, 255
717, 1364, -921, -361, -8, 273
715, 1371, -862, -376, -65, 298
731, 1402, -909, -469, -202, 316
756, 1404, -1003, -492, -242, 345
779, 1408, -1018, -333, -193, 366
769, 1434, -972, -179, -158, 384
757, 1426, -954, -52, -179, 407
761, 1406, -964, 39, -220, 435
757, 1392, -994, 42, -262, 461
745, 1363, -1001, 37, -285, 482
757, 1344, -1080, 38, -328, 504
767, 1327, -1129, 70, -288, 519
778, 1300, -1099, 60, -243, 537
778, 1295, -1047, 1, -251, 542
793, 1230, -1083, -67, -313, 532
825, 1130, -1160, -64, -332, 514
859, 1034, -1199, -71, -282, 462
868, 989, -1139, -70, -190, 407
864, 997, -1053, -83, -174, 332
848, 1038, -1020, -82, -211, 262
821, 1077, -993, -87, -261, 200
802, 1151, -1077, -20, -337, 138
780, 1227, -1165, 90, -345, 115
771, 1259, -1243, 68, -295, 104
764, 1260, -1248, 152, -180, 103
762, 1284, -1173, 294, -89, 103
752, 1313, -1119, 69, -97, 89
741, 1343, -1135, -97, -138, 92
727, 1432, -1190, -23, -149, 106
719, 1517, -1256, 27, -116, 141
713, 1561, -1292, 1, -53, 195
715, 1563, -1275, -2, 44, 259
708, 1548, -1196, 48, 119, 317
716, 1519, -1135, 23, 129, 369
721, 1526, -1112, -33, 100, 404
716, 1594, -1133, 19, 68, 446
719, 1666, -1189, 183, 83, 509
726, 1720, -1233, 303, 135, 587
730, 1755, -1217, 356, 215, 675
738, 1740, -1171, 400, 270, 771
744, 1704, -1117, 358, 296, 852
745, 1721, -1059, 520, 292, 933
755, 1773, -1094, 725, 247, 1012
774, 1821, -1158, 764, 243, 1102
782, 1889, -1221, 807, 271, 1208
771, 1972, -1181, 1023, 372, 1331
730, 2106, -1058, 1449, 438, 1478
700, 2236, -1002, 1912, 409, 1645
661, 2413, -972, 2512, 353, 1851
635, 2573, -1185, 2801, 238, 2078
595, 2603, -1338, 2883, 271, 2330
582, 2599, -1400, 3055, 402, 2613
