1222, 1284, 356, -157, 46, 526
1229, 1254, 314, -298, 19, 446
1227, 1210, 267, -387, 35, 368
1223, 1189, 206, -351, 107, 281
1232, 1194, 264, -324, 222, 194
1244, 1176, 288, -211, 291, 118
1259, 1169, 361, -180, 343, 32
1256, 1164, 395, -247, 344, -51
1249, 1170, 396, -401, 327, -141
1244, 1174, 372, -551, 319, -228
1244, 1190, 364, -670, 350, -311
1219, 1218, 378, -1059, 361, -390
1247, 1201, 408, -1950, 308, -463
1271, 1203, 308, -1696, 312, -521
1268, 1229, 311, -1257, 449, -589
1241, 1268, 331, -987, 588, -643
1212, 1310, 427, -881, 682, -690
1203, 1351, 483, -1109, 674, -727
1204, 1381, 528, -1646, 615, -754
1228, 1388, 457, -1747, 578, -775
1210, 1417, 408, -1185, 678, -808
1151, 1465, 447, -748, 829, -826
1125, 1527, 547, -594, 905, -833
1125, 1577, 572, -723, 874, -831
1132, 1633, 581, -730, 872, -822
1122, 1705, 595, -499, 915, -798
1083, 1791, 625, -297, 954, -768
1046, 1885, 670, 33, 978, -728
989, 2013, 712, 201, 964, -674
891, 2152, 722, 128, 905, -600
741, 2272, 711, 284, 844, -494
577, 2426, 619, 719, 769, -363
401, 2612, 471, 1076, 755, -216
145, 2824, 428, 1540, 844, -35
-121, 3109, 380, 2267, 932, 203
-413, 3446, 491, 2282, 943, 488
-793, 3782, 514, 1098, 629, 819
-1250, 4088, 299, -1010, 143, 1200
-2004, 4365, 28, -3441, -285, 1646
-3041, 4662, -270, -4830, -584, 2178
-4299, 5143, -546, -5299, -686, 2820
-5276, 5749, -847, -6824, -663, 3758
-5760, 6142, -399, -11332, -516, 5088
-6203, 6285, 612, -19567, -1048, 6587
-7362, 7020, 1797, -24196, -2286, 8354
-8784, 8901, 929, -19594, -4097, 10966
-8890, 9421, -1114, -12875, -4513, 14625
-8090, 8613, -625, -15884, -2391, 17371
-7905, 11004, 4316, -7117, -866, 20246
-8688, 12664, 5534, -5206, -4553, 24162
-10111, 13138, 2707, -6896, -8994, 28419
-10948, 12724, -515, -8770, -10501, 32325
-10615, 11546, -1122, -4642, -9982, 32767
-11111, 8673, -4045, -648, -9955, 32728
-18515, -66, -3475, -4029, -4990, 32767
-21350, -4460, -1617, -6797, -4064, 32767
-22723, -10505, 96, -14195, -5796, 32767
-21496, -16639, -325, -14751, -9746, 32767
-18334, -19331, -2705, -8668, -13085, 32767
-14453, -20933, -5839, -17319, -15127, 32767
-10172, -23330, -8519, -21926, -15371, 32413
-6238, -22916, -9126, -10765, -12970, 28852
-2764, -22029, -9230, -6017, -10353, 24072
-341, -21041, -8672, -2336, -7141, 19999
1065, -19880, -7342, 1603, -4199, 16371
2085, -18808, -6079, 3955, -1782, 13012
2723, -17423, -4004, 4804, -112, 9783
3363, -15803, -3312, 3772, -121, 6588
3729, -13639, -3228, 2870, -175, 3577
3688, -11370, -4168, 3085, 98, 1112
3343, -9568, -4543, 3824, 1713, -702
3027, -8126, -3666, 6751, 3952, -2010
2612, -6412, -1790, 10134, 5577, -3082
2313, -5706, -469, 5798, 5536, -4199
2119, -4793, 172, 5490, 5149, -5028
1789, -3471, 909, 7510, 4979, -5559
1398, -2526, 1633, 7581, 4462, -5937
996, -1229, 2349, 8206, 3756, -6108
618, -600, 2546, 4200, 2329, -6112
460, -451, 2012, 1529, 1127, -5900
298, -167, 1632, 2919, 781, -5461
251, -56, 1324, 3714, 767, -4987
178, 34, 1919, 3024, 938, -4568
168, 206, 2291, 1841, 323, -4171
41, 498, 2479, 1517, -443, -3752
-26, 686, 2293, 584, -1417, -3280
-9, 586, 1847, -283, -2210, -2768
72, 330, 1269, -295, -2683, -2252
186, 19, 691, 78, -2867, -1764
348, -280, 111, 194, -2823, -1355
480, -465, -195, 542, -2496, -1033
542, -549, -324, 686, -2171, -757
556, -694, -334, 160, -1945, -520
552, -905, -327, -367, -1831, -325
525, -1146, -376, -568, -1770, -171
551, -1314, -545, -741, -1715, -58
619, -1391, -866, -460, -1569, 48
681, -1447, -1418, 844, -1200, 211
683, -1057, -1547, 3598, -460, 463
778, -1013, -1078, 2063, 200, 522
803, -2113, -252, -3361, 706, 200
802, -2339, -248, -2052, 389, 199
794, -1988, -665, -39, 232, 170
823, -2151, -788, -721, 404, 31
848, -2229, -703, -526, 889, -92
833, -2132, -568, 14, 1438, -175
832, -2007, -87, 299, 1866, -255
837, -1904, 357, 486, 1902, -313
797, -1861, 516, 357, 1669, -361
788, -1809, 493, -4, 1479, -414
788, -1750, 543, -304, 1465, -451
791, -1726, 725, -428, 1487, -462
790, -1650, 940, -470, 1426, -469
794, -1549, 1094, -361, 1257, -458
776, -1463, 1118, -101, 1062, -402
750, -1424, 1187, -100, 908, -340
738, -1431, 1261, -231, 697, -282
726, -1491, 1239, -397, 391, -236
736, -1540, 1098, -585, 115, -205
760, -1602, 865, -546, -86, -152
772, -1528, 1002, -605, 21, -137
750, -1469, 1101, -448, -235, -88
734, -1431, 833, -385, -567, -24
722, -1497, 644, -591, -674, 23
715, -1609, 534, -702, -678, 53
749, -1672, 398, -597, -706, 64
795, -1681, 258, -499, -671, 65
820, -1656, 88, -372, -591, 68
837, -1560, -41, -154, -406, 80
850, -1446, 32, 22, -143, 125
839, -1456, 214, 113, 34, 195
815, -1566, 380, -51, 17, 249
814, -1675, 348, -133, -126, 265
827, -1761, 189, -87, -184, 259
843, -1876, 17, 10, -135, 234
866, -1892, -84, 77, 53, 182
899, -1823, 5, 161, 316, 128
926, -1733, 199, 205, 495, 101
925, -1684, 432, 125, 507, 94
928, -1682, 445, 36, 358, 94
912, -1735, 376, -10, 283, 82
908, -1788, 347, -32, 301, 58
900, -1836, 383, 1, 344, 33
906, -1847, 386, 84, 339, -6
905, -1810, 383, 219, 335, -49
917, -1754, 344, 144, 341, -89
914, -1693, 403, 105, 405, -108
904, -1660, 485, 87, 401, -106
907, -1677, 490, 46, 355, -93
896, -1723, 527, 60, 346, -87
892, -1764, 546, 83, 313, -92
899, -1783, 578, 110, 281, -110
897, -1792, 585, 185, 227, -148
884, -1763, 557, 207, 171, -179
890, -1668, 499, 167, 131, -214
900, -1594, 481, 87, 161, -218
892, -1600, 546, 20, 198, -185
874, -1616, 613, 112, 187, -157
869, -1632, 648, 252, 142, -146
861, -1641, 648, 344, 69, -127
858, -1661, 606, 388, -8, -111
843, -1672, 564, 387, -55, -116
838, -1644, 482, 330, -103, -115
861, -1616, 445, 213, -72, -110
867, -1608, 492, 120, -27, -101
879, -1610, 571, -6, -41, -90
886, -1642, 577, -50, -127, -83
886, -1687, 547, -38, -187, -80
883, -1714, 510, -32, -231, -81
871, -1744, 478, -38, -249, -91
855, -1743, 433, -33, -268, -111
845, -1736, 411, 9, -247, -126
853, -1723, 402, 29, -218, -154
862, -1667, 393, 56, -205, -168
873, -1637, 411, 36, -184, -175
890, -1597, 419, 61, -183, -171
897, -1614, 412, 105, -191, -158
915, -1646, 357, 126, -206, -150
917, -1642, 308, 169, -158, -137
912, -1640, 289, 218, -88, -113
903, -1654, 339, 186, -9, -106
904, -1685, 394, 182, 27, -96
902, -1716, 415, 144, 20, -96
904, -1747, 434, 115, -3, -105
900, -1808, 336, 213, -23, -170
914, -1811, 307, 248, 44, -212
917, -1790, 345, 273, 123, -248
918, -1777, 410, 286, 144, -276
936, -1776, 390, 349, 135, -313
935, -1778, 436, 339, 172, -332
922, -1784, 441, 274, 132, -355
912, -1813, 424, 195, 137, -382
899, -1851, 508, 141, 177, -419
900, -1855, 535, 201, 130, -471
903, -1816, 526, 202, 74, -521
924, -1769, 475, 173, 24, -559
946, -1725, 456, 178, 43, -584
953, -1689, 487, 208, 71, -595
955, -1649, 501, 289, 80, -601
