234, 2180, 915, -655, 732, 1418
254, 2091, 955, -376, 760, 1479
261, 2025, 1029, -169, 773, 1520
281, 1973, 1043, 71, 741, 1560
294, 1926, 1028, 358, 746, 1609
304, 1891, 1051, 433, 766, 1636
321, 1847, 1074, 351, 752, 1659
351, 1784, 1084, 210, 729, 1656
387, 1737, 1147, 128, 709, 1638
403, 1707, 1199, -42, 628, 1605
423, 1710, 1227, -92, 536, 1571
439, 1712, 1251, -166, 432, 1540
451, 1692, 1208, -454, 294, 1520
480, 1652, 1128, -448, 231, 1503
509, 1593, 1103, -122, 271, 1471
525, 1536, 1169, 176, 317, 1411
546, 1488, 1215, 215, 261, 1333
574, 1449, 1211, 113, 152, 1218
580, 1441, 1145, 67, 42, 1095
576, 1452, 1075, -19, -19, 982
592, 1456, 1021, -129, -51, 875
602, 1460, 977, 84, -27, 789
617, 1462, 952, 325, 11, 709
630, 1455, 979, 488, 52, 633
629, 1473, 971, 731, 59, 555
612, 1506, 936, 946, 45, 478
595, 1542, 881, 1057, 48, 414
570, 1576, 834, 943, 76, 356
550, 1586, 869, 890, 134, 313
540, 1588, 935, 827, 147, 274
535, 1590, 958, 514, 65, 225
503, 1637, 911, 134, -53, 165
449, 1721, 813, -335, -148, 114
420, 1816, 746, -637, -170, 99
367, 1972, 714, -284, -121, 137
204, 2121, 819, -650, -147, 192
-24, 2281, 744, -1745, -462, 211
-314, 2514, 503, -1953, -665, 228
-785, 2873, 375, -1780, -668, 287
-2506, 3319, 417, 1199, -818, 687
-3586, 3917, -336, 5969, -979, 1138
-4602, 4208, -372, 9883, -377, 1686
-5708, 4723, -279, 13223, -218, 2415
-6881, 5857, 444, 11525, -740, 3578
-7698, 6498, 430, -1940, -2989, 4984
-7870, 7396, 405, -16635, -5366, 6595
-7465, 8118, -993, -23481, -7442, 8800
-6516, 7779, -1659, -22701, -7753, 11373
-5074, 7315, -2725, -13362, -7026, 13950
-5318, 7943, -2262, 1494, -4664, 16608
-6517, 9872, -2202, 9389, -3159, 19789
-5900, 10455, -1989, 1476, -2860, 23225
-5469, 10583, -1490, -8714, -3174, 26428
-6462, 8779, -1741, -16483, -4521, 29520
-7698, 6268, -2863, -15152, -4813, 32306
-8964, 2574, -2570, -22785, -4446, 32767
-9417, -2560, -462, -26292, -4290, 32749
-9012, -5083, 1799, -12559, -5272, 32753
-8349, -6735, 576, -8695, -7635, 32767
-7578, -8816, -1374, -11931, -9110, 32634
-6785, -9845, -3239, -9070, -8537, 31350
-5613, -10658, -2618, -6652, -6247, 29418
-4325, -11307, -1546, -6236, -5053, 27521
-2943, -12027, 120, -7263, -4816, 25399
-1767, -12386, 1232, -7104, -5965, 23221
-941, -12462, 729, -9402, -8238, 20918
-44, -12496, -863, -9135, -9581, 18703
846, -12530, -2113, -8408, -9307, 16483
1683, -12611, -2349, -6798, -8013, 14237
2341, -11926, -1757, -2480, -6705, 12077
2772, -11150, -1449, -648, -6154, 9975
2930, -10546, -1525, -193, -5960, 7911
3157, -9627, -2145, 1329, -5793, 5898
3534, -8331, -3422, 2860, -5256, 4063
3648, -6918, -4231, 2404, -3769, 2531
3560, -5431, -3923, 2133, -1921, 1364
3383, -4269, -3179, 1910, -532, 542
3121, -3477, -2425, 1837, 239, -50
2841, -2758, -2102, 1759, 674, -502
2725, -2009, -1611, 2197, 1272, -781
2748, -1443, -1077, 2961, 1699, -911
2677, -1126, -776, 3018, 1741, -960
2479, -772, -761, 2639, 1568, -963
2072, -561, -1004, 907, 1353, -921
1752, -348, -1473, -14, 1437, -802
1674, -66, -1845, -144, 2156, -553
1652, 73, -1174, 542, 3572, -210
1673, -79, 209, 1378, 4524, 155
1593, -640, 1708, 1242, 4482, 415
1450, -1119, 2689, 824, 3312, 469
1380, -1284, 2216, 217, 1482, 380
1312, -1162, 1009, -587, 335, 311
1303, -1158, -200, -652, 359, 371
1285, -1196, -387, 103, 1458, 482
1286, -1338, 416, 934, 2540, 591
1207, -1777, 1632, 1083, 2801, 601
1155, -2028, 2470, 656, 2008, 428
1163, -2098, 2307, 125, 636, 186
1139, -1904, 1513, -223, -342, -52
1195, -1547, 781, -303, -507, -187
1287, -1243, 567, 95, -103, -202
1346, -1081, 826, 503, 335, -143
1355, -1159, 1253, 625, 425, -77
1324, -1308, 1563, 372, 105, -67
1234, -1529, 1197, -177, -952, -187
1231, -1373, 902, -416, -1173, -265
1286, -1139, 644, -334, -1207, -282
1321, -970, 451, 14, -1120, -225
1329, -1014, 348, 17, -944, -145
1347, -1121, 538, 44, -712, -86
1356, -1329, 708, 58, -769, -49
1324, -1516, 670, -1, -981, -88
1268, -1602, 557, -108, -1144, -172
1260, -1500, 383, -156, -1246, -266
1305, -1326, 125, -123, -1245, -312
1353, -1230, -89, -107, -1080, -316
1377, -1157, -81, -135, -780, -307
1396, -1079, 120, -69, -512, -273
1403, -1146, 281, 139, -438, -231
1357, -1297, 367, 181, -488, -215
1291, -1367, 312, 64, -636, -246
1258, -1351, 101, -41, -749, -300
1294, -1289, -145, -63, -721, -328
1375, -1189, -275, -107, -492, -329
1422, -1176, -253, -178, -173, -307
1410, -1255, -104, -253, 103, -284
1374, -1344, 87, -178, 258, -287
1328, -1430, 256, -90, 282, -322
1304, -1422, 283, -51, 204, -383
1288, -1283, 216, -88, 136, -440
1324, -1055, 109, -146, 130, -462
1381, -862, -8, -199, 220, -421
1408, -783, 14, -254, 430, -319
1425, -834, 171, -277, 618, -200
1406, -946, 370, -258, 715, -109
1348, -1063, 574, -287, 694, -51
1315, -1143, 624, -291, 540, -25
1300, -1190, 490, -313, 358, -20
1302, -1143, 330, -381, 348, -19
1313, -1099, 333, -420, 478, -1
1342, -1102, 406, -396, 586, 30
1357, -1126, 552, -346, 666, 57
1385, -1214, 679, -245, 625, 79
1391, -1311, 716, -233, 526, 77
1370, -1345, 758, -189, 446, 61
1370, -1349, 750, -187, 350, 34
1380, -1329, 769, -153, 290, 2
1410, -1307, 742, -33, 209, -18
1440, -1317, 718, 104, 171, -40
1434, -1383, 710, 77, 139, -69
1426, -1467, 733, 115, 100, -117
1421, -1511, 696, 189, 21, -180
1404, -1503, 629, 268, -37, -254
1383, -1483, 590, 186, -59, -332
1389, -1427, 588, 119, -55, -392
1423, -1360, 593, 122, -60, -437
1445, -1309, 635, 64, -64, -466
1461, -1296, 670, 96, -137, -491
1476, -1282, 540, 191, -250, -505
1473, -1285, 441, 220, -221, -513
1473, -1301, 451, 305, -125, -534
1463, -1321, 485, 371, -94, -551
1466, -1331, 474, 330, -132, -584
1483, -1337, 439, 220, -169, -616
1517, -1320, 381, 75, -169, -645
1568, -1315, 398, -18, -111, -668
1606, -1350, 448, 52, -59, -684
1630, -1401, 461, 213, -47, -712
1665, -1591, 446, 439, 0, -796
1701, -1697, 446, 543, 74, -864
1694, -1816, 560, 712, 171, -961
1692, -1937, 673, 829, 161, -1091
1682, -2042, 765, 829, 57, -1258
1682, -2137, 728, 907, -116, -1461
1688, -2225, 605, 931, -251, -1680
1693, -2291, 462, 772, -340, -1912
1705, -2333, 264, 669, -360, -2156
1738, -2315, 140, 645, -224, -2389
1757, -2370, 164, 517, -70, -2623
1732, -2327, 280, 722, 46, -2889
1737, -2314, 320, 534, -18, -3157
1741, -2232, 235, 257, -75, -3425
1730, -2030, 140, 210, -63, -3662
1703, -1964, 46, 170, 73, -3846
1671, -1876, 111, 303, 293, -4010
1645, -1730, 277, 725, 496, -4141
1625, -1647, 426, 1087, 557, -4240
1602, -1576, 473, 1318, 524, -4336
1606, -1497, 471, 1520, 468, -4426
1604, -1404, 433, 1433, 412, -4524
1591, -1284, 335, 1304, 361, -4622
1573, -1162, 230, 972, 380, -4694
1561, -1095, 216, 539, 462, -4736
1515, -1041, 231, 549, 572, -4762
1482, -984, 186, 651, 644, -4781
1469, -934, 158, 757, 793, -4775
1441, -882, 280, 868, 986, -4764
1429, -828, 465, 854, 1085, -4744
1424, -764, 660, 1234, 1064, -4720
