1337, -310, -1043, -13, -14, -82
1343, -305, -1023, 2, -14, -79
1334, -296, -1005, -47, -31, -71
1333, -277, -1007, -147, -74, -60
1332, -274, -1044, -183, -111, -43
1341, -276, -1071, -110, -107, -37
1352, -259, -1092, -58, -94, -23
1341, -255, -1108, -68, -77, -7
1330, -261, -1106, -84, -68, 6
1329, -273, -1116, -84, -59, 10
1318, -278, -1104, -37, -33, 22
1312, -282, -1093, -2, -31, 32
1319, -277, -1106, -30, -53, 44
1329, -277, -1146, -110, -67, 51
1333, -254, -1165, -18, -31, 68
1329, -263, -1178, -16, 15, 83
1324, -263, -1148, 100, 53, 95
1326, -264, -1130, 145, 71, 107
1329, -292, -1107, 112, 81, 122
1323, -300, -1073, 170, 87, 129
1317, -328, -1076, 102, 56, 128
1326, -351, -1107, 19, 21, 122
1332, -369, -1139, 15, 26, 111
1335, -383, -1150, 132, 58, 103
1333, -391, -1147, 158, 84, 86
1319, -410, -1135, 165, 93, 72
1315, -440, -1124, 242, 102, 58
1320, -474, -1110, 146, 91, 38
1321, -506, -1110, 15, 67, 4
1316, -524, -1134, 29, 53, -34
1316, -550, -1124, 45, 68, -68
1321, -578, -1112, 54, 68, -107
1327, -626, -1108, -3, 57, -155
1321, -663, -1113, -94, 31, -220
1316, -692, -1098, -192, 19, -276
1308, -748, -1092, -266, -8, -339
1290, -795, -1080, -129, -23, -420
1280, -825, -1073, 39, -40, -511
1270, -874, -1085, 111, -64, -606
1258, -950, -1087, 168, -92, -711
1254, -1030, -1082, 330, -111, -844
1232, -1104, -1053, 582, -104, -990
1202, -1194, -1003, 788, -122, -1153
1171, -1280, -963, 882, -178, -1340
1146, -1366, -925, 961, -260, -1546
1087, -1462, -895, 1109, -380, -1766
1054, -1533, -933, 1237, -520, -1998
1031, -1606, -1018, 1237, -642, -2250
977, -1688, -1087, 1147, -720, -2510
954, -1752, -1127, 954, -779, -2779
908, -1859, -1111, 1052, -810, -3069
824, -2031, -1117, 1404, -910, -3375
775, -2165, -1217, 1901, -1028, -3695
768, -2365, -1395, 2073, -1123, -4036
741, -2626, -1523, 1812, -1151, -4430
722, -2811, -1607, 1672, -1132, -4878
657, -2922, -1612, 1893, -1044, -5357
493, -3087, -1537, 2427, -975, -5850
325, -3352, -2031, 3520, -912, -6421
10, -4106, -2021, 8029, -158, -7104
34, -4245, -1817, 16739, 645, -7580
170, -3862, -1439, 17876, 644, -7932
171, -4288, -1284, 12154, 35, -8548
-349, -4919, -445, 7724, -896, -10217
-879, -4864, -349, 7943, -1433, -10981
-1385, -4948, -408, 6267, -2002, -11764
-1694, -4953, -495, 3666, -2478, -12492
-1829, -5028, -386, 1921, -2488, -13120
-2146, -5436, 299, 927, -2276, -13826
-2666, -5872, 833, -577, -2529, -14847
-3174, -6251, 1792, -3473, -2844, -16006
-3146, -6631, 3054, -6763, -3950, -17399
-3286, -6915, 2097, -7021, -6383, -19153
-3368, -6788, -1717, -7259, -7757, -21233
-3234, -7294, -4653, -9618, -5638, -22721
-4857, -7276, -3054, -2593, -1784, -23545
-6526, -5245, -1684, 4007, 176, -24893
-8032, -4011, 512, 702, -119, -26270
-9164, -1871, -171, -1223, -2642, -28112
-9821, 783, -2408, 1244, -3712, -29218
-10320, 3664, -4439, 4311, -2310, -29467
-11293, 7040, -4046, 10011, -785, -28795
449, 20268, -8690, 26393, -5684, -8594
-3098, -4615, -12631, -3156, 5571, -5125
-202, -11360, -7461, -8862, -1535, -4927
-1597, 4890, -1719, 32767, 10876, 6152
-136, 9984, -582, 25774, 2284, 8293
789, -142, -4547, -29316, -3974, 2288
801, -3970, -5892, -32768, -1527, -676
1395, -4675, -3729, -17486, -878, 1632
1600, -3926, -1845, 7351, 4614, 1226
1593, -3161, 103, 12144, 4597, 90
1796, -2537, -401, 3585, 2283, -1670
1619, -2408, -649, -3960, 950, -2944
1347, -2190, -1076, -2847, 807, -3786
-533, 5486, -3168, 8335, 1273, -2779
1396, 16046, -3144, 22280, 3714, 4710
25, -225, 2395, -29853, 3184, -1104
1091, -1922, -3297, -31278, -5367, -1363
1192, -1578, -1789, 906, -269, 1005
1206, 310, -1237, 15776, 2196, 861
962, 1560, -630, 11524, 1716, 429
908, 1424, -1018, -1093, -114, 13
850, 726, -1673, -5722, -765, -72
774, 956, -1562, -79, 254, 96
779, 1584, -1191, 3579, 1041, 263
855, 1368, -943, 620, 997, 261
917, 688, -629, -2010, 643, 173
832, 556, 126, 314, 505, 166
733, 824, 576, 2699, -136, 162
721, 1022, -259, 1394, -1307, 13
764, 981, -1515, -394, -1859, -77
828, 1002, -2432, -206, -1488, -58
794, 1048, -2672, 340, -728, -20
760, 1059, -2353, 61, -113, -52
697, 1012, -1591, -318, 252, -88
594, 1004, -815, 32, 209, -85
515, 1089, -607, 855, -191, -56
461, 1174, -965, 1526, -481, -23
510, 1217, -1543, 1612, -504, -20
598, 1241, -2006, 1217, -281, 10
644, 1223, -2211, 119, 139, -6
683, 1165, -1931, -1096, 557, -97
668, 1194, -1393, -1812, 633, -132
611, 1208, -935, -2654, 307, -129
574, 1168, -667, -2930, -287, -76
572, 1150, -894, -2388, -758, -21
704, 1144, -1652, -1069, -637, 14
720, 1163, -1709, -585, -231, 46
743, 1158, -1547, -421, 63, 82
718, 1116, -1382, -444, 155, 89
684, 1145, -1142, 43, 146, 102
644, 1225, -1024, 407, -18, 140
653, 1231, -1246, 75, -200, 158
665, 1197, -1490, -158, -203, 180
700, 1179, -1591, -155, -92, 210
717, 1109, -1636, -411, 64, 214
697, 1037, -1470, -512, 244, 198
662, 1052, -1176, -387, 302, 163
619, 1142, -1000, -235, 228, 128
596, 1199, -947, -222, 93, 123
605, 1206, -1079, -339, -53, 132
651, 1175, -1382, -488, -106, 144
704, 1125, -1597, -564, 19, 154
741, 1083, -1633, -555, 231, 154
744, 1067, -1414, -364, 442, 156
716, 1061, -1038, -210, 466, 137
682, 1114, -800, -51, 253, 122
675, 1164, -890, -215, -52, 104
679, 1161, -1219, -456, -234, 93
713, 1168, -1531, -416, -192, 107
727, 1130, -1622, -326, 33, 109
721, 1125, -1414, -258, 225, 113
702, 1094, -1160, -238, 260, 101
675, 1139, -944, 41, 144, 93
650, 1199, -991, 30, -82, 87
655, 1244, -1294, -157, -256, 105
677, 1193, -1602, -424, -216, 120
687, 1160, -1680, -333, -1, 138
682, 1150, -1547, -109, 220, 154
682, 1145, -1348, -127, 312, 165
694, 1136, -1150, -129, 286, 165
679, 1181, -1037, 66, 170, 173
673, 1219, -1090, 66, 13, 195
684, 1199, -1238, -144, -110, 221
711, 1136, -1389, -265, -129, 240
743, 1103, -1499, -187, -41, 253
747, 1081, -1479, -134, 107, 249
739, 1069, -1310, -54, 225, 224
741, 1072, -1089, 80, 230, 206
718, 1096, -948, 130, 101, 192
693, 1131, -965, 100, -89, 179
661, 1164, -1077, 152, -241, 184
683, 1153, -1313, 9, -334, 208
709, 1094, -1530, -220, -287, 214
731, 1065, -1516, -119, -88, 213
726, 1046, -1404, 13, 45, 197
709, 1057, -1255, 153, 77, 184
695, 1074, -1078, 347, 43, 156
661, 1117, -1033, 438, -105, 138
642, 1138, -1164, 283, -262, 136
665, 1105, -1346, -14, -329, 136
692, 1082, -1489, -45, -255, 129
701, 1091, -1496, 13, -109, 120
712, 1079, -1426, 58, 10, 109
698, 1080, -1236, 209, 88, 94
671, 1100, -1070, 328, 32, 82
652, 1131, -1083, 251, -144, 70
663, 1112, -1220, 166, -261, 76
674, 1133, -1411, 181, -261, 85
703, 1092, -1494, 106, -152, 83
699, 1078, -1461, 123, -16, 85
695, 1076, -1216, 167, 103, 66
685, 1099, -1098, 265, 75, 60
671, 1135, -1066, 479, -16, 71
661, 1171, -1183, 509, -124, 88
682, 1165, -1321, 187, -171, 106
706, 1117, -1418, -108, -164, 116
721, 1101, -1484, -115, -91, 125
