275, 2099, 1323, -767, -92, 2011
305, 2217, 1265, -1223, -258, 2113
354, 2299, 1164, -1423, -322, 2264
359, 2314, 1137, -1157, -231, 2459
299, 2302, 1257, -685, -98, 2667
239, 2289, 1396, -332, -79, 2850
201, 2268, 1513, -157, -170, 3015
160, 2272, 1556, -300, -348, 3156
107, 2283, 1561, -651, -542, 3287
28, 2343, 1558, -896, -724, 3414
-19, 2470, 1572, -1150, -913, 3550
4, 2595, 1578, -1732, -1144, 3715
11, 2711, 1564, -2329, -1399, 3940
-1, 2757, 1398, -2676, -1657, 4233
-40, 2752, 1312, -2539, -1695, 4547
-188, 2763, 1389, -1332, -1657, 4874
-485, 2870, 1398, -467, -1815, 5195
-884, 3086, 1239, -1313, -2219, 5484
-1260, 3311, 960, -3136, -2671, 5804
-1598, 3508, 774, -4700, -2952, 6203
-2003, 3725, 744, -5451, -3100, 6691
-2816, 3773, 876, -5836, -3469, 7326
-4307, 4821, 1026, -2481, -3809, 8177
-6203, 5437, 817, -7323, -5205, 9114
-7373, 5403, -380, -10465, -6719, 10526
-7268, 6207, -2154, -1658, -6306, 12500
-7388, 7571, -1625, 6153, -3342, 14780
-7774, 9663, 1145, 7087, -1815, 17444
-8108, 10939, 2382, -2222, -4112, 20429
-8708, 11649, 1038, -7735, -7350, 23889
-10161, 11448, -1497, -8786, -9022, 27689
-11800, 10595, -2702, -9335, -8616, 31384
-13260, 9132, -2659, -10325, -8026, 32767
-14748, 6648, -2825, -9102, -7944, 32767
-15877, 3728, -2687, -7861, -7803, 32733
-16164, -160, -3116, -12729, -8688, 32767
-16369, -4335, -3997, -14940, -9814, 32767
-16100, -8848, -4966, -14321, -10188, 32767
-14854, -13143, -5486, -11318, -9558, 32767
-12672, -17289, -5615, -11608, -8965, 32767
-9748, -19851, -5454, -9917, -8375, 32767
-6291, -22447, -5494, -12955, -8262, 31799
-3103, -23536, -5672, -9406, -8124, 27661
-421, -23775, -6561, -7488, -7606, 22912
1663, -22296, -7441, -4644, -5652, 18433
2794, -19820, -6689, -2109, -2425, 14410
3235, -17115, -4744, 496, 635, 10882
3570, -14510, -2318, 3141, 2549, 7872
3750, -12216, -63, 3022, 3097, 5342
3608, -10628, 1918, 873, 2108, 3155
3510, -8918, 1266, -211, -371, 1189
3241, -6801, -673, -199, -1565, -339
2658, -2861, -2561, 2756, 1136, -1605
2656, -1117, -1614, 5407, 3042, -1520
2703, -531, 444, 2695, 4114, -1351
2602, -987, 1616, 557, 3431, -1090
2210, -1223, 2166, 1183, 2397, -912
1774, -1319, 1770, 1266, 1084, -882
1426, -1389, 884, 1354, 352, -910
1205, -1144, 290, 1257, 280, -938
1089, -946, -154, 790, 541, -837
1005, -982, 43, 551, 1194, -629
918, -1228, 764, 458, 1658, -406
856, -1695, 1516, -28, 1554, -265
727, -2164, 2056, -112, 990, -270
587, -2262, 2070, -168, 66, -414
505, -2266, 1436, -60, -815, -569
488, -2130, 629, 390, -1066, -700
501, -1950, 256, 403, -763, -774
504, -1894, 303, 248, -348, -777
551, -1819, 581, 254, -86, -767
639, -1788, 978, 134, -79, -751
685, -1842, 1180, -110, -435, -766
668, -1871, 1042, -209, -941, -806
646, -1859, 549, -84, -1353, -860
665, -1717, 6, 87, -1427, -908
716, -1446, -449, 236, -1233, -908
752, -1231, -584, 392, -678, -857
771, -1157, -162, 414, -59, -781
832, -1317, 101, 213, -72, -634
885, -1452, 96, -9, -250, -522
876, -1349, 175, -176, -223, -499
857, -1196, 121, -260, -314, -454
857, -1199, -179, -269, -405, -347
841, -1285, -428, -154, -232, -233
841, -1417, -541, 23, 135, -138
825, -1558, -461, 132, 551, -71
794, -1610, -270, 71, 819, -32
762, -1593, -117, -69, 895, -6
749, -1605, -64, -48, 955, 15
760, -1733, 333, 232, 1241, -18
755, -1834, 630, 85, 1128, -71
785, -1927, 494, -130, 827, -94
800, -2042, 423, -90, 831, -143
786, -2038, 516, 8, 950, -207
811, -2023, 702, 71, 1010, -284
843, -1958, 921, 165, 944, -368
850, -1849, 996, 267, 715, -438
859, -1722, 945, 298, 452, -489
871, -1629, 831, 63, 241, -507
889, -1605, 682, -242, 95, -492
898, -1608, 561, -250, 94, -467
863, -1663, 604, -195, 190, -445
862, -1716, 657, -62, 193, -434
858, -1696, 706, 34, 146, -434
873, -1628, 735, -108, 13, -446
927, -1541, 638, -177, -107, -418
946, -1466, 665, -171, -113, -376
953, -1488, 628, -156, -180, -326
934, -1535, 612, -38, -221, -284
909, -1620, 531, -88, -316, -266
886, -1742, 398, -148, -355, -284
878, -1813, 285, -20, -303, -309
907, -1788, 237, 131, -193, -353
934, -1711, 268, 175, -90, -384
949, -1642, 280, 146, -47, -391
946, -1626, 284, 52, -46, -385
897, -1720, 195, 61, -1, -383
898, -1786, 184, 26, 77, -397
895, -1830, 203, 12, 136, -435
888, -1855, 192, 128, 183, -486
903, -1817, 159, 221, 257, -538
923, -1737, 211, 264, 376, -579
926, -1659, 324, 319, 458, -589
923, -1618, 400, 290, 444, -588
916, -1600, 395, 143, 377, -579
917, -1623, 350, 126, 376, -566
938, -1625, 382, 158, 445, -565
955, -1629, 446, 184, 471, -569
959, -1647, 490, 140, 455, -577
941, -1626, 507, 37, 413, -597
949, -1573, 493, -12, 367, -614
966, -1486, 500, 27, 353, -609
980, -1418, 482, 58, 346, -574
969, -1406, 472, 92, 365, -525
965, -1434, 521, 102, 388, -470
963, -1510, 564, 33, 363, -434
974, -1587, 585, 31, 310, -414
963, -1628, 578, 7, 251, -408
949, -1645, 539, -56, 198, -419
947, -1623, 544, -19, 203, -427
965, -1644, 534, 201, 188, -418
1009, -1670, 488, 218, 166, -426
1014, -1704, 495, 137, 154, -451
1005, -1742, 394, 143, 116, -474
985, -1770, 391, 72, 162, -511
989, -1794, 379, 46, 181, -557
999, -1793, 374, 84, 188, -608
1014, -1759, 318, 53, 184, -654
1032, -1737, 279, 67, 222, -691
1042, -1725, 250, 33, 281, -721
1049, -1728, 279, 53, 351, -755
1060, -1731, 279, 82, 387, -797
1046, -1731, 269, 130, 434, -824
1031, -1719, 269, 175, 509, -851
1028, -1706, 341, 245, 603, -888
1036, -1705, 435, 266, 651, -912
1070, -1693, 546, 254, 636, -946
1096, -1668, 572, 131, 524, -974
1120, -1645, 506, 30, 402, -1008
1162, -1642, 383, -87, 347, -1030
1175, -1671, 254, -120, 407, -1035
1192, -1732, 252, -53, 594, -1040
1212, -1842, 384, 75, 774, -1058
1215, -1972, 553, 303, 885, -1105
1211, -2080, 732, 365, 852, -1196
1228, -2135, 789, 305, 677, -1329
1241, -2171, 721, 186, 503, -1475
1271, -2211, 633, -10, 416, -1630
1303, -2253, 601, -109, 407, -1782
1331, -2289, 564, -83, 394, -1935
1344, -2371, 510, 77, 406, -2098
1364, -2468, 425, 452, 440, -2285
1354, -2506, 337, 703, 524, -2489
1342, -2515, 310, 802, 647, -2712
1316, -2521, 387, 895, 796, -2935
1293, -2485, 502, 906, 855, -3166
1287, -2438, 553, 835, 811, -3387
1267, -2378, 581, 795, 761, -3606
1260, -2323, 570, 838, 726, -3807
1261, -2222, 562, 900, 724, -3997
1293, -2067, 586, 1001, 726, -4312
1305, -2020, 584, 1016, 718, -4443
1322, -2007, 567, 1051, 708, -4568
1320, -1990, 540, 1067, 695, -4702
1286, -1994, 464, 1129, 713, -4823
1266, -1979, 417, 1601, 820, -4933
1252, -1914, 461, 2007, 950, -5050
1253, -1847, 486, 2029, 971, -5177
1272, -1784, 478, 1993, 955, -5300
1291, -1727, 433, 1848, 940, -5416
1317, -1666, 425, 1627, 996, -5531
1347, -1623, 449, 1285, 1022, -5637
1360, -1623, 485, 1053, 1040, -5739
1346, -1632, 455, 1145, 1036, -5834
1328, -1610, 380, 1504, 1113, -5928
1296, -1599, 358, 1832, 1252, -6043
1251, -1582, 389, 2137, 1405, -6153
1226, -1565, 472, 2339, 1527, -6271
