419, 1724, 868, -1091, 265, 1358
398, 1745, 806, -1214, 231, 1318
363, 1817, 746, -1111, 270, 1307
360, 1901, 719, -1083, 346, 1329
384, 1920, 762, -1194, 437, 1387
390, 1928, 827, -1112, 495, 1451
359, 1947, 862, -918, 509, 1512
331, 2016, 847, -873, 504, 1579
336, 2082, 845, -967, 535, 1671
347, 2100, 868, -1217, 554, 1783
359, 2090, 904, -1353, 586, 1902
362, 2099, 935, -1198, 611, 2016
353, 2107, 942, -1049, 637, 2147
318, 2111, 978, -854, 680, 2281
244, 2135, 1004, -485, 715, 2415
186, 2196, 1040, -300, 733, 2565
99, 2295, 1051, -169, 721, 2723
22, 2401, 1084, -116, 709, 2912
-62, 2476, 1170, -544, 616, 3111
-235, 2560, 1153, -759, 393, 3326
-582, 2748, 994, -592, 183, 3578
-1146, 3141, 993, -1266, -13, 3888
-2088, 3546, 1091, -4176, -591, 4435
-3440, 3656, 1010, -7254, -1444, 5179
-4741, 3981, 524, -4086, -2070, 6049
-4841, 4461, -692, 3258, -1699, 7338
-5471, 5947, 706, 8096, 247, 8794
-6135, 6755, 2492, -3156, -790, 10043
-6235, 7098, 2494, -14352, -3949, 11551
-6778, 7666, 1178, -17504, -6537, 13571
-7280, 7685, -161, -18863, -7484, 15734
-7742, 8165, 903, -15969, -8047, 20344
-8117, 8705, 844, -14557, -9593, 22897
-8549, 8890, -504, -12801, -10906, 25752
-9424, 8514, -671, -10652, -10708, 28663
-10156, 7849, -817, -8844, -10917, 31491
-10715, 7205, -1111, -6881, -11303, 32767
-11822, 6233, -2560, -4923, -11803, 32767
-13663, 4374, -3779, -4076, -10890, 32738
-15770, 1628, -3156, -5223, -9337, 32767
-17094, -2152, -2266, -9840, -9206, 32767
-17339, -6573, -1499, -12182, -10275, 32767
-17128, -10295, -1683, -9930, -11605, 32767
-16466, -13184, -1633, -10141, -12539, 32767
-14847, -15107, -1606, -10964, -13805, 32767
-12865, -17181, -2439, -11020, -15620, 32767
-10164, -18680, -5239, -7300, -16587, 31927
-7134, -19343, -7001, -6472, -15131, 28441
-4292, -20159, -8177, -6904, -12852, 24665
-2007, -19730, -7185, -3534, -9572, 21217
-67, -18237, -5716, -2298, -7654, 17688
1426, -17344, -5102, -2448, -6764, 14350
2321, -16971, -4699, -1375, -6253, 10982
3107, -15646, -6167, -482, -6274, 7539
3658, -13915, -7873, -911, -5021, 4502
3912, -12175, -9007, -41, -2319, 2071
3852, -10570, -8602, 2003, 1359, 191
3735, -9256, -7030, 3564, 4756, -1313
3257, -7911, -4095, 5214, 7257, -2668
2873, -6328, -1723, 5531, 7444, -3929
2427, -4978, -820, 4893, 6442, -4954
1640, -4029, -805, 4001, 5538, -5732
886, -3076, -1447, 4286, 5289, -6227
339, -1948, -1488, 6198, 6206, -6345
17, -624, -11, 7766, 7559, -6206
-40, 346, 2007, 5631, 7672, -5943
-58, 519, 3261, 2048, 6529, -5527
-180, 688, 4059, 2328, 5152, -4934
-211, 740, 4078, 2508, 3547, -4329
-243, 581, 3822, 2443, 2269, -3754
-274, 278, 3530, 2104, 1248, -3231
-320, 187, 3297, 1544, 325, -2806
-244, 422, 2929, 736, -561, -2379
-119, 601, 2658, 532, -1140, -1826
-13, 432, 2669, 16, -1613, -1230
42, -126, 2676, -443, -2316, -709
71, -750, 2326, -286, -3178, -355
50, -1270, 1709, -445, -3959, -182
43, -1546, 898, -631, -4480, -138
99, -1528, 112, -634, -4656, -131
274, -1406, -844, -410, -4555, -80
412, -1355, -1425, -182, -3762, 42
453, -1345, -1124, -92, -2654, 133
464, -1386, -577, -498, -2112, 182
551, -2080, -405, -1073, -2365, 329
660, -2741, -586, -801, -2633, 273
669, -2626, -1288, -781, -2693, -60
704, -2443, -2154, -408, -2188, -280
760, -2296, -2343, 210, -984, -412
777, -2211, -1972, 541, 200, -502
782, -2243, -1333, 586, 991, -583
766, -2203, -775, 390, 1280, -707
780, -2047, -518, 262, 1256, -833
797, -1852, -426, 182, 1256, -908
813, -1734, -396, -23, 1339, -930
786, -1600, -313, 19, 1476, -920
633, -1428, -380, 430, 1745, -829
601, -1371, -217, 558, 2121, -747
615, -1335, 337, 431, 2452, -661
645, -1310, 927, 226, 2354, -589
656, -1286, 1219, -116, 1897, -500
683, -1263, 1189, -294, 1359, -400
675, -1314, 949, -350, 998, -292
643, -1363, 860, -362, 905, -198
600, -1414, 878, -203, 875, -106
579, -1466, 911, -125, 794, -41
619, -1533, 972, -132, 731, 10
656, -1485, 1176, -335, 575, 72
699, -1607, 1190, -237, 275, 141
712, -1758, 1090, -235, -1, 188
724, -1981, 951, -268, -206, 199
704, -2169, 782, -48, -331, 154
719, -2244, 607, 51, -380, 53
735, -2248, 561, 43, -340, -72
753, -2195, 509, -9, -371, -201
777, -2165, 460, -212, -379, -308
787, -2137, 438, -364, -413, -409
805, -2101, 311, -372, -455, -491
811, -2038, 218, -339, -408, -566
826, -1966, 89, -141, -332, -631
828, -1852, 62, 0, -185, -677
849, -1779, 28, -36, -85, -699
842, -1737, 76, 2, 43, -715
841, -1653, 114, 7, 113, -722
835, -1571, 156, -27, 171, -705
814, -1499, 172, -63, 193, -676
816, -1410, 140, -42, 205, -626
827, -1372, 78, 71, 303, -542
809, -1383, 216, 98, 454, -454
826, -1431, 333, 88, 453, -387
824, -1500, 312, 139, 390, -335
783, -1590, 281, 66, 379, -294
772, -1623, 283, -21, 419, -269
784, -1616, 389, -33, 486, -248
788, -1595, 458, 16, 449, -216
779, -1632, 451, 102, 391, -179
762, -1765, 447, 69, 383, -158
773, -1861, 508, -23, 384, -180
795, -1939, 537, -3, 324, -233
790, -1990, 548, -90, 247, -302
792, -1971, 527, -177, 146, -370
792, -1874, 444, -135, 87, -429
802, -1765, 345, -8, 105, -449
795, -1741, 324, 141, 224, -437
783, -1782, 471, 197, 361, -434
794, -1856, 610, 234, 325, -458
811, -1903, 624, 204, 163, -508
835, -1882, 551, 172, 25, -574
858, -1814, 453, 39, -53, -631
874, -1740, 353, -42, -70, -663
868, -1639, 321, 25, -20, -663
851, -1560, 278, 105, 24, -645
838, -1507, 270, 185, 92, -601
828, -1491, 288, 172, 169, -554
832, -1503, 421, 139, 242, -506
816, -1529, 535, 25, 194, -466
833, -1521, 530, 13, 45, -433
859, -1494, 391, 58, -89, -399
873, -1472, 240, -23, -98, -359
849, -1482, 201, -98, 7, -316
793, -1443, 383, -307, 92, -225
838, -1475, 340, -237, 19, -171
863, -1530, 213, -78, 3, -128
865, -1582, 178, -123, 102, -96
848, -1659, 238, -99, 194, -62
832, -1762, 277, -147, 221, -64
818, -1800, 297, -77, 218, -86
824, -1814, 252, 75, 206, -112
839, -1834, 156, 232, 230, -146
855, -1842, 122, 199, 331, -180
867, -1863, 172, 68, 435, -227
882, -1887, 205, 79, 492, -279
901, -1947, 254, 223, 546, -335
905, -2013, 260, 321, 585, -393
911, -2039, 313, 344, 632, -471
912, -2015, 364, 349, 652, -558
931, -1972, 394, 285, 634, -638
935, -1926, 375, 272, 612, -711
940, -1886, 363, 341, 634, -767
947, -1816, 396, 333, 685, -813
948, -1795, 446, 393, 745, -840
941, -1807, 565, 417, 777, -864
911, -1797, 663, 356, 700, -906
906, -1741, 708, 318, 573, -950
927, -1632, 662, 175, 422, -977
931, -1508, 582, 29, 324, -973
928, -1414, 536, 66, 317, -934
925, -1363, 564, 110, 366, -875
925, -1353, 641, 148, 381, -804
917, -1366, 741, 179, 338, -731
918, -1401, 772, 225, 217, -669
917, -1418, 782, 231, 94, -633
918, -1405, 732, 97, -40, -595
921, -1382, 703, 0, -110, -551
924, -1358, 703, -86, -172, -500
916, -1356, 714, -155, -249, -453
908, -1401, 658, -160, -349, -396
896, -1496, 591, -134, -405, -347
883, -1535, 529, -136, -423, -326
