1352, -273, -975, 257, 454, 823
1339, -305, -942, 320, 455, 854
1335, -323, -929, 263, 420, 873
1340, -349, -949, 23, 372, 888
1356, -359, -968, -94, 352, 905
1352, -364, -957, -103, 362, 921
1361, -367, -933, -124, 367, 933
1372, -382, -917, -157, 351, 944
1382, -394, -917, -109, 323, 965
1380, -415, -915, -88, 318, 977
1379, -445, -883, -38, 319, 981
1362, -454, -855, 13, 287, 976
1361, -468, -873, -117, 233, 967
1368, -474, -894, -150, 208, 965
1369, -478, -892, -89, 200, 960
1367, -490, -900, -50, 184, 951
1373, -484, -911, 5, 188, 947
1362, -486, -899, 5, 190, 950
1367, -496, -887, 48, 183, 959
1360, -507, -865, 33, 164, 963
1364, -515, -856, 8, 145, 951
1379, -522, -852, -21, 115, 954
1384, -522, -868, -52, 81, 949
1384, -520, -867, -121, 52, 940
1389, -527, -879, -128, 21, 940
1382, -527, -879, -41, 6, 939
1381, -532, -903, -2, -14, 946
1374, -537, -928, -1, -16, 957
1364, -572, -907, 31, -10, 963
1364, -617, -867, 136, -8, 959
1368, -657, -851, 71, -60, 947
1368, -704, -898, -220, -152, 921
1373, -754, -948, -488, -217, 878
1374, -781, -1004, -483, -234, 828
1349, -810, -1059, -292, -205, 780
1330, -838, -1088, -132, -169, 727
1321, -881, -1097, -61, -133, 674
1340, -944, -1123, -39, -97, 609
1357, -1030, -1045, -90, -46, 532
1356, -1138, -1016, -170, -84, 423
1347, -1223, -1022, -195, -111, 299
1328, -1299, -1011, -135, -113, 153
1288, -1383, -999, -17, -111, -4
1241, -1458, -1000, 169, -121, -171
1193, -1555, -1016, 425, -133, -345
1198, -1721, -1056, 472, -130, -556
1221, -1898, -1016, 379, -113, -787
1215, -2050, -972, 373, -132, -1060
1156, -2196, -938, 443, -183, -1368
1077, -2356, -924, 564, -249, -1705
1013, -2529, -930, 792, -326, -2072
930, -2674, -907, 921, -408, -2456
810, -2830, -955, 394, -568, -2880
683, -3050, -1051, -376, -718, -3349
611, -3267, -1164, -301, -765, -3825
565, -3469, -1137, 684, -674, -4288
529, -3642, -1079, 1594, -657, -4778
443, -3892, -1070, 1717, -795, -5385
217, -4535, -1294, 1494, -996, -6810
-2, -4720, -1375, 2040, -852, -7552
-267, -4840, -1176, 2860, -641, -8254
-477, -5011, -802, 4093, -496, -8993
-731, -4944, -413, 5502, -560, -9726
-1070, -5041, -486, 8247, -714, -10557
-1504, -5339, -183, 13626, -477, -11433
-1724, -5071, -75, 17063, -771, -12029
-1921, -5232, 435, 13607, -1420, -12578
-2093, -6029, 439, 6744, -2442, -13543
-2692, -7328, 737, 1982, -2813, -14938
-3676, -8432, 1445, -1251, -3195, -16561
-4796, -8434, 1267, -4945, -4436, -18636
-5896, -8087, 1481, -8317, -5058, -20569
-5637, -7907, 2041, -7705, -5529, -22008
-5346, -8690, 1438, -5709, -6589, -24113
-6825, -9286, 32, -1826, -6709, -26270
-7759, -7962, -2552, -871, -6711, -28474
-8605, -6166, -2712, -2208, -4100, -30011
-10526, -3967, 169, -884, -1992, -31417
-12484, -533, 516, 4750, -3259, -32747
-13929, 4142, -1885, 14615, -5628, -32764
-14469, 10636, -7749, 27075, -6808, -30857
4062, 27383, -14057, 14990, -11126, -15259
-41, 9488, -23858, -32768, -2946, -1595
-2014, -22369, 601, -32768, -7114, 13683
1044, -2195, -7359, 22800, 2710, 119
478, 5280, 4269, 32767, 23984, 9326
-487, -1697, 2514, 21169, -69, 11135
3558, 3676, -6261, -21208, -8337, -3259
2052, -3097, -4595, -32768, -4080, -33
2131, -2704, -4141, -26833, -3673, -2158
1911, -2238, -2076, -1982, 2035, -217
1387, -2770, 1361, 14287, 5827, 1250
1071, -2533, 1947, 15312, 3707, -475
1338, -342, -679, 7515, -915, -3066
-830, 3894, -2057, -90, -2803, -4011
2285, 16292, -10636, 26077, -219, -3151
717, 4013, 939, 18547, 7622, 4613
937, 115, -2119, -32768, -1118, 165
1202, -1469, -2970, -29614, -2495, -217
1146, -1766, -788, -7501, -570, 486
1313, 402, -1257, 8989, 2467, 109
1089, 1259, -569, 13491, 4119, 653
740, 903, 465, 7933, 2878, 618
873, 1608, -994, -3680, -493, -518
958, 1222, -1952, -9248, -1032, -318
917, 334, -1525, -6430, 6, 94
1008, 410, -1296, -491, 1119, 17
943, 452, -496, 5222, 2265, 200
746, 521, 274, 7259, 2063, 115
785, 1351, -199, 3631, 478, -432
674, 1278, -585, -1606, -589, -442
660, 1225, -1081, -4361, -1159, -475
661, 1107, -1450, -3167, -966, -233
649, 991, -1458, 194, -143, 52
621, 927, -1347, 4183, 947, 305
568, 1126, -938, 6281, 1660, 405
453, 1482, -524, 2019, 701, 71
554, 1656, -989, -6874, -1278, -509
681, 1297, -1574, -11987, -2412, -611
765, 766, -1731, -10713, -2156, -559
768, 641, -1459, -4837, -1228, -221
656, 846, -1143, 282, -1209, 252
640, 1158, -1256, 1338, -1092, 202
657, 1013, -1980, -2055, -1180, 91
772, 898, -2280, -2744, -1203, 138
861, 660, -2157, -2540, -680, 181
872, 547, -1803, -1490, -224, 143
840, 547, -1442, 168, 227, 66
764, 602, -1207, 1242, 298, -67
725, 886, -1459, 965, -49, -318
713, 1102, -1900, -177, -281, -417
744, 1125, -2154, -1630, -180, -405
774, 1108, -2118, -1999, 226, -324
790, 974, -1674, -1206, 809, -188
795, 978, -1215, -212, 1076, -156
754, 1022, -852, 368, 945, -164
757, 1152, -894, 281, 530, -276
769, 1291, -1296, -685, 68, -343
778, 1335, -1699, -1737, -155, -354
843, 1365, -2076, -2050, 79, -279
838, 1163, -1908, -1488, 751, -55
839, 1080, -1483, -244, 1341, 55
802, 1058, -894, 1162, 1653, 153
745, 1136, -496, 2336, 1535, 136
762, 1356, -504, 2564, 1114, 90
783, 1456, -714, 1387, 581, 59
830, 1463, -1057, -660, 46, 1
849, 1320, -1299, -1856, -111, 65
838, 1180, -1336, -1466, 105, 161
767, 1133, -1179, -115, 455, 243
715, 1193, -1012, 1004, 632, 307
700, 1258, -980, 1167, 541, 335
700, 1284, -1039, 715, 328, 347
730, 1274, -1140, -30, 100, 350
746, 1199, -1237, -465, -24, 372
775, 1121, -1337, -448, -18, 397
812, 1034, -1374, -538, 55, 420
839, 958, -1344, -654, 154, 411
813, 877, -1175, -453, 279, 385
789, 940, -1085, 20, 308, 323
761, 965, -1030, 512, 269, 310
760, 1028, -1144, 714, 138, 252
790, 1169, -1241, -11, 32, 155
811, 1118, -1343, -1362, -134, 125
840, 1003, -1357, -2095, -151, 132
806, 921, -1245, -1441, 31, 145
788, 1018, -1198, 102, 280, 159
786, 1142, -1177, 1012, 395, 163
782, 1249, -1239, 1043, 376, 176
776, 1310, -1271, 714, 366, 220
797, 1272, -1279, 502, 373, 287
828, 1199, -1262, 272, 374, 326
836, 1098, -1215, 124, 378, 354
874, 1012, -1221, 34, 357, 333
881, 971, -1186, 21, 383, 303
864, 967, -1114, 492, 487, 304
846, 1062, -1057, 1143, 541, 282
828, 1166, -989, 1211, 482, 282
831, 1154, -977, 330, 270, 277
849, 1056, -1032, -601, 20, 240
857, 986, -1095, -740, -40, 232
850, 961, -1057, -466, -33, 228
841, 1011, -1102, -329, -74, 196
822, 1051, -1144, -442, -120, 182
827, 1081, -1230, -617, -164, 174
823, 1095, -1288, -645, -133, 177
812, 1122, -1313, -393, -27, 198
808, 1127, -1247, -193, 81, 233
781, 1075, -1158, -203, 66, 246
800, 1052, -1128, 177, 80, 271
822, 1024, -1205, 14, -11, 250
855, 1026, -1326, -153, -37, 221
861, 1042, -1365, 110, 107, 223
876, 1101, -1346, 421, 282, 226
845, 1109, -1208, 639, 460, 284
810, 1106, -1041, 604, 446, 285
780, 1108, -973, 480, 291, 267
775, 1116, -1016, 381, 96, 260
802, 1114, -1193, 115, -73, 248
