1492, -908, -326, 34, 126, -196
1501, -897, -304, 132, 137, -197
1496, -894, -284, 122, 119, -186
1486, -888, -293, 65, 82, -179
1488, -883, -296, 37, 62, -172
1489, -883, -310, -14, 38, -160
1493, -874, -328, -52, 27, -159
1491, -867, -327, -56, 29, -146
1485, -861, -332, -48, 32, -118
1477, -864, -336, -11, 19, -99
1484, -868, -355, 40, 18, -86
1497, -862, -369, 14, 32, -73
1492, -867, -366, -17, 55, -68
1487, -869, -350, 8, 60, -65
1483, -859, -351, -11, 47, -53
1479, -852, -358, -77, 33, -51
1479, -854, -374, -95, 26, -45
1477, -862, -399, -54, 32, -24
1495, -865, -413, 43, 66, -4
1491, -868, -400, 70, 106, 9
1475, -877, -395, 79, 126, 17
1474, -886, -395, 84, 126, 22
1479, -888, -417, 78, 122, 26
1482, -896, -429, 37, 142, 39
1477, -910, -433, 40, 170, 43
1484, -931, -419, 94, 212, 49
1495, -954, -427, 196, 240, 43
1498, -967, -423, 253, 277, 34
1490, -987, -400, 291, 310, 19
1491, -1002, -381, 374, 324, 2
1495, -1018, -389, 405, 318, -8
1500, -1049, -413, 497, 332, -21
1509, -1075, -424, 679, 375, -46
1525, -1110, -414, 760, 411, -72
1545, -1171, -428, 760, 416, -102
1551, -1241, -446, 860, 469, -162
1573, -1306, -427, 1122, 572, -240
1569, -1367, -351, 1334, 642, -335
1563, -1437, -299, 1395, 643, -429
1557, -1536, -269, 1321, 593, -556
1583, -1691, -275, 993, 535, -704
1628, -1958, -304, 1141, 549, -872
1650, -2107, -254, 2048, 676, -1080
1609, -2366, -150, 2033, 738, -1356
1555, -2682, -17, 1949, 733, -1686
1519, -3009, 60, 2154, 643, -2096
1459, -3358, 92, 2683, 546, -2550
1319, -3915, -50, 2761, 383, -3045
1095, -4536, -109, 3123, 419, -3610
769, -5013, -96, 3597, 473, -4294
385, -5704, -171, 3932, 527, -5070
-21, -6008, -257, 5551, 779, -5925
-255, -6167, -101, 7630, 1237, -6864
-859, -6676, 50, 9109, 1704, -7858
-1967, -7071, 360, 13843, 2506, -8834
-2996, -7130, 1520, 19141, 3369, -9923
-3689, -7289, 2870, 17991, 2773, -11391
-4737, -7532, 4249, 11136, 811, -13256
-4900, -7770, 3829, 6254, -2092, -15040
-5692, -8643, 3781, 551, -3758, -16873
-6739, -9367, 3886, -7264, -5346, -19114
-7567, -9541, 4980, -12040, -6257, -21659
-8052, -8733, 4829, -17012, -8568, -24437
-7478, -8514, 2435, -16548, -9782, -26834
-6569, -8513, -275, -6012, -8203, -29066
-7838, -8293, 823, -4953, -4628, -31511
-9953, -6701, 5413, -7207, -3371, -32768
-11840, -3889, 5769, -8638, -6922, -32768
-13644, -616, 3900, -7961, -9633, -32738
-15024, 2780, 558, -2919, -10653, -32768
-15418, 6540, -1441, -659, -9993, -32768
-15052, 8120, -2184, -8171, -8146, -32767
-14621, 10289, -1178, -4504, -5801, -32768
-11784, 13395, -65, -5763, -5537, -30649
-10138, 14551, -550, -3033, -5796, -27510
-8327, 14512, -1344, -3154, -5698, -24548
-6956, 14702, -1607, -3398, -5273, -21792
-5752, 14664, -2387, -2726, -5193, -19076
-4607, 14399, -3231, -1694, -4862, -16458
-3413, 13704, -4607, -2316, -4406, -13951
-2313, 12610, -5446, -3186, -2665, -11610
-1536, 11549, -4542, -2741, -248, -9465
-1215, 10802, -3009, -1700, 1542, -7509
-1201, 10226, -546, 437, 2487, -5630
-883, 9201, 878, 1165, 1489, -3857
-370, 8076, 936, 529, -102, -2424
104, 7102, 124, 328, -1397, -1308
689, 6084, -1222, -1001, -1860, -514
929, 5474, -1913, -1529, -1176, 61
750, 4993, -1670, -1594, 18, 557
423, 4511, -529, -869, 898, 1055
223, 4016, 340, 192, 732, 1517
264, 3332, 193, 834, -11, 1858
411, 2733, -260, 1248, -373, 2002
484, 2274, -656, 1288, -471, 1991
490, 1996, -1189, 711, -446, 1879
371, 1987, -1445, -206, -116, 1732
159, 2128, -1474, -729, 353, 1668
21, 2033, -1148, -981, 944, 1670
-33, 1909, -464, -608, 1319, 1653
-88, 1784, -88, -190, 1157, 1604
-128, 1622, -90, 400, 837, 1523
-117, 1458, -214, 417, 526, 1376
-118, 1444, -684, -130, 291, 1199
-178, 1608, -1002, -685, 502, 1035
-261, 1790, -965, -981, 959, 944
-329, 1906, -570, -783, 1399, 911
-367, 1962, -57, -142, 1603, 920
-361, 1911, 368, 241, 1371, 946
-250, 1712, 211, 416, 833, 947
-140, 1536, -154, 204, 513, 874
-62, 1502, -484, -390, 506, 743
-70, 1531, -419, -711, 875, 629
-127, 1381, 262, -528, 1225, 581
-189, 1114, 1418, 1159, 1024, 630
-274, 1759, 1336, -253, 297, 192
-235, 1857, 268, -1903, -241, -7
-235, 1913, 359, 183, -253, 174
-212, 1991, -106, -337, -433, 122
-197, 2047, -127, -552, -235, 118
-198, 2045, 55, -492, -181, 144
-226, 2088, 236, -452, -242, 149
-228, 2169, 232, -124, -516, 188
-196, 2183, -102, 139, -757, 242
-195, 2217, -286, 494, -757, 304
-179, 2194, -476, 456, -731, 355
-150, 2150, -588, 138, -613, 388
-102, 2029, -596, -150, -445, 405
-61, 1918, -423, -296, -281, 384
-55, 1886, -294, -278, -286, 335
-66, 1895, -262, -78, -389, 298
-92, 1972, -324, 200, -509, 260
-95, 2014, -585, 291, -646, 248
-57, 2015, -947, 150, -547, 238
-55, 2084, -959, -177, -160, 220
-109, 2105, -663, -330, 151, 233
-115, 2013, -613, -580, 204, 248
-162, 2008, -151, -339, 314, 244
-127, 2042, -554, -248, -135, 254
-72, 1982, -552, 83, -1, 268
-75, 1963, -671, 144, 131, 255
-121, 2007, -512, 51, 332, 229
-116, 1959, -481, -231, 383, 222
-126, 1956, -256, -223, 535, 209
-129, 1962, -14, -136, 486, 188
-124, 2005, 116, -67, 267, 169
-122, 2040, -33, -62, -41, 167
-106, 2057, -248, -160, -148, 179
-91, 2059, -344, -222, -89, 203
-76, 2008, -392, -270, 55, 232
-89, 1976, -160, -303, 260, 235
-101, 1956, 43, -338, 198, 227
-94, 1944, 163, -238, 12, 209
-61, 1956, 78, -137, -243, 190
-35, 1978, -120, 26, -386, 171
-41, 2006, -240, 144, -376, 155
-43, 2018, -302, 135, -322, 149
-61, 2050, -297, 81, -271, 153
-39, 2017, -324, -47, -251, 152
-27, 2004, -287, -146, -201, 136
-56, 2044, -233, -95, -197, 126
-80, 2090, -223, -28, -265, 134
-82, 2123, -276, 32, -358, 152
-73, 2124, -419, 76, -413, 175
-59, 2104, -539, 94, -345, 194
-53, 2104, -570, 59, -196, 201
-81, 2156, -447, 36, -52, 213
-94, 2199, -399, 35, -40, 245
-92, 2232, -378, 134, -31, 291
-89, 2255, -382, 219, -32, 343
-77, 2242, -375, 224, -5, 393
-46, 2191, -377, 258, 23, 439
-23, 2119, -339, 253, 54, 461
-9, 2060, -308, 123, 47, 463
-5, 2012, -279, 69, 36, 451
-29, 2035, -210, 136, 0, 432
-25, 2079, -283, 56, -144, 423
-25, 2128, -439, -38, -201, 431
-20, 2158, -551, -46, -109, 454
-30, 2161, -556, 34, 63, 491
-32, 2151, -416, 60, 204, 523
-18, 2096, -327, 38, 228, 551
-14, 2055, -249, 64, 206, 563
-11, 2076, -231, 134, 138, 562
-13, 2111, -259, 232, 78, 563
-23, 2145, -332, 271, 42, 579
-21, 2181, -362, 235, 61, 603
-14, 2173, -381, 138, 81, 632
-14, 2181, -376, 144, 122, 664
-6, 2165, -366, 155, 165, 694
-7, 2137, -325, 91, 185, 716
-17, 2129, -330, 23, 167, 725
-11, 2160, -326, 48, 165, 747
4, 2188, -353, 117, 163, 781
5, 2233, -304, 233, 201, 818
1, 2281, -326, 368, 141, 868
-3, 2332, -398, 420, 108, 920
6, 2367, -470, 438, 131, 981
8, 2385, -501, 482, 220, 1050
