1534, -312, -741, -231, -557, 222
1525, -317, -777, -174, -577, 232
1525, -329, -798, -100, -572, 247
1525, -377, -808, -209, -576, 253
1523, -400, -805, -270, -581, 244
1504, -405, -792, -339, -596, 240
1479, -428, -781, -267, -604, 238
1455, -445, -760, -88, -617, 223
1433, -483, -748, 38, -646, 199
1412, -536, -762, 136, -691, 174
1409, -626, -780, 159, -732, 141
1399, -744, -793, 212, -761, 85
1392, -841, -771, 250, -782, -2
1377, -912, -739, 179, -839, -106
1344, -983, -713, 58, -933, -221
1308, -1053, -736, -140, -1048, -367
1284, -1120, -774, -325, -1161, -531
1267, -1213, -846, -450, -1244, -703
1288, -1351, -899, -525, -1290, -898
1346, -1513, -974, -665, -1330, -1138
1324, -1626, -958, -617, -1332, -1405
1265, -1704, -961, -381, -1361, -1671
1210, -1794, -944, -285, -1392, -1969
1145, -1927, -959, -220, -1474, -2285
1081, -2109, -1043, -164, -1555, -2648
1035, -2277, -1081, -146, -1594, -3041
970, -2439, -1142, 171, -1669, -3466
937, -2571, -1281, 705, -1710, -3912
903, -2671, -1367, 1244, -1710, -4371
793, -2699, -1491, 1742, -1738, -4856
631, -2706, -1675, 1925, -1756, -5342
534, -2787, -1776, 1537, -1683, -5839
452, -2972, -1808, 1489, -1587, -6368
347, -3062, -1762, 2059, -1412, -6899
165, -3059, -1661, 2989, -1283, -7417
-2, -3162, -1622, 4627, -1110, -7930
-150, -3283, -1456, 7037, -897, -8392
-298, -3272, -1107, 9002, -851, -8815
-481, -3392, -1153, 10147, -1098, -9261
-807, -3814, -1146, 10953, -1150, -9775
-1121, -4337, -1009, 11725, -1135, -10392
-1547, -5266, -722, 11205, -1254, -11134
-2380, -6518, -575, 8182, -1751, -12307
-3112, -7422, -911, 3098, -2309, -13631
-3722, -8269, 300, -4173, -1817, -14934
-3600, -7764, 2760, -9016, -2649, -16485
-2147, -7184, 2453, -3505, -4995, -18052
-2422, -7575, -296, 1385, -6532, -19687
-2186, -7543, -3821, -3821, -6491, -21801
-3228, -7423, -2856, -620, -3042, -22982
-4769, -5640, -1618, 6228, -1155, -24728
-6400, -3646, -295, 7088, -1204, -26492
-8276, -928, 464, 9125, -3124, -28112
-9495, 3561, -2620, 18395, -5542, -28500
-9969, 8554, -5878, 26612, -5733, -26699
-11097, 12925, -5780, 15027, -6321, -24565
2665, 17622, -13480, 18716, -20132, 8290
-2934, -7116, -11890, -8901, -912, 14571
248, 5917, -4325, 32767, 12272, -4078
826, 7086, -887, 23366, -301, -1425
1605, -1411, -5340, -28821, -3199, -3258
1928, -4260, -7383, -32768, -2268, -5045
1436, -5682, -3729, -19516, 416, -2709
1487, -4925, -1113, 6490, 5683, -699
1466, -4596, 1027, 11610, 4962, -388
1558, -4327, 284, 939, 1863, -2410
1313, -4088, -923, -6145, 34, -4184
-494, -130, -2506, -3536, 305, -5232
-1104, 8259, -7107, 27209, 2014, 2677
1553, 7972, -90, -4808, 7141, -2
463, -1198, -1313, -32768, -2299, -2993
1291, -2359, -2572, -16488, -1054, -380
1280, -908, -245, 11356, 3389, 232
1183, 992, 441, 19315, 3244, 102
1063, 1881, 550, 8122, 1503, -454
1023, 1406, -433, -6503, -1155, -770
956, 1046, -1537, -7522, -1324, -638
796, 1429, -1225, 584, 464, -258
781, 1751, -985, 3570, 1246, 24
767, 1192, -249, -404, 772, 73
739, 608, 477, -2002, -293, 82
778, 662, -231, -232, -1217, 33
880, 845, -1247, 102, -1653, -1
945, 919, -2089, -923, -1655, -52
938, 998, -2609, -1001, -1112, -37
930, 1016, -2727, -397, -310, 9
837, 936, -2145, 356, 435, 28
738, 975, -1329, 1288, 711, 48
637, 1094, -713, 1207, 299, 43
600, 1175, -786, -551, -651, -25
630, 1209, -1372, -2270, -1137, -51
689, 1068, -1904, -2711, -981, 18
753, 1037, -2108, -1205, -409, 152
791, 1118, -1960, -239, 172, 235
812, 1045, -1525, -923, 437, 236
770, 951, -1010, -1224, 439, 193
711, 1036, -615, -724, 221, 158
701, 1067, -705, -683, -160, 95
745, 1051, -1182, -798, -408, 59
825, 994, -1564, -920, -283, 38
854, 962, -1595, -726, 69, 17
850, 991, -1369, -355, 462, -8
797, 1013, -1062, -475, 561, -91
711, 1095, -906, -1083, 55, -119
682, 1100, -946, -2051, -661, -59
671, 988, -1341, -2552, -1094, -40
705, 982, -1834, -1926, -991, -28
738, 1042, -1929, -950, -474, 28
767, 1075, -1794, -582, -15, 69
801, 1018, -1376, -656, 245, 77
802, 1022, -895, -431, 208, 66
774, 1074, -689, -255, -76, 20
755, 1101, -844, -257, -449, -17
754, 1135, -1302, -291, -674, -31
773, 1178, -1752, -297, -583, -15
771, 1174, -1846, -328, -195, 45
775, 1159, -1583, -355, 188, 107
781, 1123, -1239, -469, 350, 145
756, 1078, -882, -500, 250, 154
754, 1067, -704, -381, -64, 144
769, 1105, -902, -296, -452, 117
775, 1132, -1380, -372, -656, 100
775, 1129, -1736, -356, -506, 106
737, 1098, -1553, -90, 168, 175
706, 1085, -1214, 45, 301, 208
681, 1076, -933, 75, 168, 218
667, 1076, -894, 87, -120, 218
666, 1102, -1107, 60, -393, 199
698, 1095, -1467, -80, -503, 201
725, 1069, -1728, -205, -343, 202
722, 1063, -1698, -150, 1, 222
711, 1056, -1414, -100, 268, 239
701, 1030, -1131, -119, 290, 238
735, 1013, -988, -169, 170, 210
743, 1013, -976, -304, -5, 165
752, 1051, -1096, -289, -192, 122
740, 1095, -1290, -104, -250, 99
730, 1133, -1485, 19, -180, 101
729, 1085, -1580, -117, -15, 110
737, 1057, -1444, -323, 189, 107
752, 1026, -1187, -425, 321, 84
761, 1054, -1023, -279, 185, 90
776, 1073, -954, -269, -18, 70
787, 1096, -1052, -308, -250, 41
790, 1119, -1338, -435, -385, 21
784, 1133, -1617, -425, -289, 22
760, 1145, -1661, -185, 3, 47
743, 1144, -1500, 12, 280, 85
742, 1105, -1224, 28, 389, 104
732, 1061, -1013, -44, 282, 101
738, 1053, -1034, -175, 50, 74
756, 1068, -1236, -320, -147, 45
769, 1095, -1489, -343, -161, 31
772, 1124, -1609, -301, 16, 29
767, 1134, -1549, -306, 231, 27
762, 1104, -1422, -361, 361, 31
750, 1065, -1317, -488, 399, 18
721, 1060, -1051, -359, 402, 3
715, 1085, -882, -162, 236, -23
742, 1115, -1143, -290, -6, -62
757, 1115, -1260, -376, 7, -93
765, 1279, -1261, 106, 110, -90
749, 1523, -1284, 834, 263, -56
704, 1762, -1155, 1526, 368, 38
675, 1986, -1122, 1524, 284, 159
651, 2161, -1196, 959, 111, 308
618, 2311, -1387, 808, -12, 494
581, 2480, -1596, 1172, 4, 736
585, 2633, -1833, 1355, 80, 1018
587, 2679, -2057, 850, 214, 1315
606, 2623, -2149, 424, 438, 1610
630, 2558, -2050, 592, 737, 1908
648, 2546, -1910, 739, 936, 2204
645, 2549, -1767, 489, 1019, 2487
631, 2555, -1670, 159, 1004, 2764
647, 2530, -1718, 305, 986, 3035
697, 2469, -1721, 817, 1083, 3294
730, 2372, -1730, 1052, 1178, 3527
758, 2281, -1693, 923, 1276, 3729
773, 2217, -1636, 751, 1349, 3932
764, 2123, -1585, 453, 1378, 4114
775, 1982, -1547, 134, 1369, 4284
792, 1845, -1508, 28, 1408, 4432
785, 1795, -1461, 63, 1476, 4563
764, 1724, -1383, 63, 1518, 4688
754, 1617, -1283, -175, 1522, 4814
749, 1484, -1186, -604, 1472, 4920
727, 1347, -1103, -1163, 1377, 5000
704, 1098, -1131, -1719, 1154, 5100
700, 1004, -1165, -1671, 1130, 5120
699, 931, -1190, -1888, 1126, 5129
675, 846, -1121, -2387, 1100, 5128
718, 740, -1131, -3115, 982, 5122
770, 593, -1158, -3746, 891, 5103
779, 490, -1147, -4021, 862, 5071
835, 385, -1189, -4280, 825, 5024
866, 347, -1145, -4832, 793, 4930
747, 437, -1165, -5086, 733, 4872
624, 380, -1135, -6191, 686, 4824
