1482, -43, -1126, 63, 672, 1398
1504, -53, -1030, 193, 679, 1408
1543, -85, -1026, 84, 626, 1412
1576, -95, -1035, -85, 603, 1401
1602, -117, -1023, -142, 617, 1381
1618, -115, -973, 17, 643, 1361
1614, -96, -951, 161, 642, 1342
1601, -97, -902, 102, 637, 1332
1605, -94, -833, -56, 606, 1328
1628, -101, -790, -173, 527, 1329
1633, -101, -815, -49, 457, 1341
1622, -86, -824, 52, 425, 1347
1601, -90, -818, 78, 401, 1358
1567, -96, -811, 256, 364, 1380
1538, -100, -839, 535, 316, 1396
1534, -116, -917, 519, 273, 1413
1524, -130, -960, 423, 283, 1436
1499, -150, -955, 535, 334, 1451
1461, -166, -922, 679, 364, 1473
1458, -172, -915, 618, 350, 1494
1457, -190, -915, 535, 337, 1501
1446, -208, -931, 552, 349, 1516
1443, -240, -925, 595, 367, 1525
1432, -287, -899, 655, 396, 1518
1411, -334, -864, 708, 408, 1508
1391, -370, -859, 734, 387, 1486
1376, -403, -866, 706, 372, 1470
1382, -444, -864, 592, 363, 1442
1387, -489, -854, 463, 354, 1409
1392, -533, -826, 417, 354, 1370
1410, -567, -794, 482, 334, 1319
1429, -616, -796, 546, 289, 1251
1432, -685, -829, 675, 234, 1164
1429, -747, -873, 840, 223, 1067
1420, -774, -898, 932, 237, 964
1408, -812, -906, 797, 243, 857
1408, -880, -884, 579, 258, 738
1432, -945, -828, 499, 261, 600
1452, -957, -768, 586, 257, 452
1459, -939, -705, 528, 230, 309
1469, -939, -602, 330, 178, 161
1450, -951, -505, 250, 87, 12
1436, -989, -434, 178, -44, -135
1443, -970, -429, 73, -203, -288
1424, -955, -438, -118, -330, -421
1392, -1001, -449, -483, -552, -689
1370, -1041, -434, -477, -650, -821
1355, -1077, -431, -459, -741, -957
1359, -1109, -433, -525, -854, -1095
1345, -1161, -433, -673, -958, -1239
1325, -1205, -405, -633, -1043, -1385
1289, -1232, -338, -511, -1140, -1514
1254, -1336, -291, -888, -1357, -1658
1200, -1458, -323, -1529, -1671, -1835
1116, -1607, -396, -1833, -1968, -2037
1065, -1756, -616, -2233, -2238, -2244
1016, -1949, -823, -2828, -2344, -2456
920, -2204, -890, -2823, -2297, -2692
795, -2454, -889, -1692, -2168, -2947
688, -2648, -749, 114, -1997, -3234
621, -2802, -540, 1652, -1986, -3586
484, -2997, -480, 2470, -2172, -4041
438, -3229, -677, 3533, -2394, -4543
440, -3547, -785, 5394, -2334, -5028
439, -3795, -662, 7417, -2248, -5456
343, -4023, -460, 8092, -2441, -5928
266, -4391, -426, 7355, -2919, -6571
322, -4887, -550, 6712, -3384, -7369
38, -5292, -747, 5649, -3893, -8260
-529, -5571, -1291, 2794, -4420, -9268
-1005, -5886, -1703, 518, -4397, -10207
-1370, -6243, -1551, 248, -3833, -10989
-1644, -6784, -918, -297, -3283, -11953
-2216, -8182, -770, -2651, -3151, -13454
-3260, -10167, -444, -6773, -2849, -15567
-4289, -11108, 1068, -6109, -3266, -18011
-4284, -10013, 584, -4359, -5075, -20777
-4947, -8560, -1572, -3075, -6757, -23197
-6166, -6717, -6687, -3457, -6228, -25212
-6863, -5583, -6672, -4172, -1176, -26046
-7844, -4610, -4442, -1286, 3062, -26906
-9065, -3619, -597, -589, 5363, -28008
-10730, -1665, 2429, 1883, 3700, -29629
-12176, 2817, 1895, 9923, -126, -30769
-12561, 10263, -5425, 25986, -3270, -29433
7402, 17624, -10466, 19933, -10431, 3060
-3551, -15827, -10757, -32768, -1639, -12989
593, -887, -11353, 16113, -2673, 829
-1801, 12797, -3699, 32767, 19823, 8736
1154, 4789, 6, -1942, -2733, 7901
721, -4030, -2858, -32768, 2749, -1148
1417, -5021, -2788, -31376, -3571, 257
1981, -4747, -2277, -6212, 806, 1136
1959, -3746, -1005, 12134, 4080, 417
1886, -3316, -266, 10348, 3162, -905
1879, -3269, -621, -715, 1330, -2464
1615, -3477, -919, -5932, 284, -3718
1371, -2574, -1869, -2111, 555, -4683
-1896, 7345, -6601, 14404, 1649, -1253
2231, 14148, -2511, 11733, 4941, 3922
-231, -2654, 3271, -32768, 1462, -2684
1111, -1492, -3447, -24406, -6076, -1759
1130, -697, -2280, 10986, 581, 910
1107, 1195, -1688, 22751, 3514, 1041
1093, 2006, -787, 11214, 2234, 747
1014, 948, -532, -5746, 72, 366
921, -8, -536, -7645, -643, 292
794, 718, -238, 2071, 201, 362
698, 1746, 71, 7440, 487, 510
721, 1681, -284, 2897, -380, 489
804, 158, -1434, -2974, -1472, 381
782, 203, -1450, 603, -1025, 293
804, 513, -1693, 2093, -778, 147
832, 691, -2078, 1802, -460, 8
755, 982, -1956, 2058, -16, -31
648, 1311, -1544, 1658, 131, 10
630, 1280, -1170, -68, -90, 98
681, 1039, -1039, -1405, -382, 173
742, 801, -1039, -1446, -653, 221
732, 781, -1359, -801, -895, 185
716, 917, -1923, -308, -870, 119
706, 1012, -2266, -264, -513, 90
697, 1041, -2270, -81, 69, 105
689, 1029, -1819, 268, 666, 132
704, 987, -1221, 503, 993, 130
688, 950, -753, 1051, 1133, 124
682, 1080, -565, 828, 992, 12
639, 1202, -734, -826, 354, -154
613, 1333, -1206, -3360, -865, -120
661, 1198, -1764, -6058, -1893, 12
723, 788, -2215, -5597, -1491, 82
756, 653, -2059, -961, 20, 178
741, 1042, -1563, 2535, 523, 317
719, 1154, -1105, 1436, 492, 270
701, 948, -860, -419, 243, 164
685, 1012, -1050, -375, -123, 148
679, 1064, -1417, -395, -297, 154
691, 1054, -1701, -466, -221, 178
700, 1048, -1864, -415, 32, 218
715, 979, -1753, -382, 355, 250
737, 949, -1434, -302, 558, 268
787, 907, -1108, -311, 552, 257
800, 940, -1036, -212, 343, 223
772, 936, -962, -306, 167, 183
738, 973, -891, -219, -54, 162
741, 1006, -1178, -384, -284, 142
760, 995, -1524, -597, -305, 122
777, 983, -1676, -616, -117, 123
802, 941, -1690, -563, 142, 118
804, 921, -1524, -421, 362, 111
776, 927, -1177, -271, 425, 99
735, 959, -919, -31, 262, 77
718, 1013, -911, 164, -24, 55
716, 1088, -1136, 72, -270, 49
725, 1101, -1498, -440, -379, 62
746, 1044, -1740, -662, -242, 73
744, 1038, -1733, -380, 45, 94
736, 991, -1581, -261, 269, 103
738, 987, -1364, -95, 359, 93
709, 1024, -1133, 82, 323, 100
698, 1076, -1043, 154, 153, 111
708, 1097, -1101, -44, -20, 121
724, 1064, -1305, -347, -160, 145
757, 1027, -1521, -465, -152, 167
789, 999, -1619, -540, -22, 180
797, 976, -1517, -489, 153, 178
791, 985, -1279, -315, 246, 170
777, 986, -1087, -192, 193, 163
752, 995, -1034, -67, 54, 155
745, 992, -1135, -82, -94, 143
741, 995, -1283, -170, -164, 140
747, 1001, -1424, -251, -158, 142
765, 983, -1499, -334, -88, 144
786, 964, -1460, -359, 21, 139
764, 929, -1231, -194, 79, 98
748, 959, -1147, 45, 26, 83
728, 1009, -1186, 124, -83, 64
731, 1019, -1329, -63, -170, 53
730, 1010, -1462, -189, -154, 48
732, 1033, -1502, -196, -40, 46
722, 1020, -1446, -315, 79, 50
733, 1027, -1437, -351, 116, 48
734, 1032, -1286, -369, 172, 49
713, 1026, -1177, -331, 120, 48
717, 1035, -1230, -342, 11, 38
743, 1049, -1299, -344, -36, 22
749, 1078, -1360, -288, -22, 17
748, 1103, -1273, -273, 63, 12
709, 1301, -1247, 196, 87, 15
649, 1561, -1283, 729, 124, 67
580, 1853, -1279, 1034, 103, 175
550, 2101, -1439, 864, 17, 327
535, 2250, -1576, 450, -13, 527
520, 2376, -1673, 391, 70, 768
507, 2463, -1706, 541, 179, 1034
502, 2494, -1810, 555, 269, 1291
510, 2455, -1836, 536, 421, 1554
498, 2393, -1807, 653, 596, 1815
489, 2333, -1758, 618, 731, 2050
