1262420	
967261	
762525	
609410	
504916	
519097	
546685	
675905	
777674	
1125438	
1533317	
2136990	
3021953	
4239974	
5374146	
6860006	
9594158	
13163542	
16452602	
18075153	
17130010	
14370757	
11284553	
9604264	
8575222	
7754648	
7562762	
7484694	
7537606	
7029825	
5998451	
5217414	
4665921	
4944920	
6125021	
7631795	
8447585	
8391675	
7679144	
7029774	
6441016	
5390266	
4696889	
3591314	
3018330	
2712569	
2443658	
2021336	
1499761	
1269579	
1282261	
1641489	
1831156	
1639635	
1341750	
1115505	
1160133	
1470758	
1738493	
1838422	
1885197	
2290041	
3113102	
3599614	
4165107	
5655445	
6925953	
7145004	
7643173	
8448547	
10041972	
11497801	
12620981	
13515524	
15262858	
17347598	
17263682	
17596539	
17956646	
17464804	
17253981	
17112044	
17002628	
17243970	
16284317	
17131541	
23760338	
24965352	
24505248	
25709844	
28212000	
34941294	
42431787	
44422553	
38071044	
34082009	
32216280	
32053658	
31167838	
30150641	
29530649	
28665297	
26350130	
23382554	
20790306	
19510822	
18930366	
17342627	
16101225	
16031582	
16534741	
16666389	
16758473	
16406785	
15284198	
15084206	
14862049	
14348549	
13533531	
12751326	
11586433	
9727277	
8374476	
7434829	
7316024	
7077310	
5836421	
5494925	
6076326	
6174581	
5523413	
4674075	
4106898	
3852818	
3555321	
3116306	
2707705	
2437350	
2242955	
1969749	
1705057	
1645822	
1689912	
1737731	
1731224	
1727054	
1446291	
1107257	
1056958	
1410678	
1742009	
1599890	
1311886	
1200014	
1149704	
952754	
702806	
554181	
490621	
472661	
451796	
618777	
596630	
618198	
680195	
809121	
989354	
1099141	
1185350	
1343501	
1687147	
2021787	
2408553	
2645257	
3495464	
4202597	
4496069	
5166539	
6372509	
9085262	
13642430	
20703461	
28614036	
35464774	
38146337	
36162574	
32613726	
30141971	
28773449	
27062065	
24901146	
22562814	
19733566	
16944241	
14286187	
12805197	
11749853	
11643472	
10664267	
8469171	
